关系类型,起点元素ID,终点元素ID,合并原关系数,原关系元素ID
supported_by_evidence,4:96d33a16-3d9f-4d2c-809b-20d1b37db684:51476,4:96d33a16-3d9f-4d2c-809b-20d1b37db684:43513,1,5:96d33a16-3d9f-4d2c-809b-20d1b37db684:91
treated_by_procedure,4:96d33a16-3d9f-4d2c-809b-20d1b37db684:30,4:96d33a16-3d9f-4d2c-809b-20d1b37db684:25696,2,5:96d33a16-3d9f-4d2c-809b-20d1b37db684:1521；5:96d33a16-3d9f-4d2c-809b-20d1b37db684:43252
supported_by_evidence,4:96d33a16-3d9f-4d2c-809b-20d1b37db684:25498,4:96d33a16-3d9f-4d2c-809b-20d1b37db684:56494,1,5:96d33a16-3d9f-4d2c-809b-20d1b37db684:7952
exam_has_indicator,4:96d33a16-3d9f-4d2c-809b-20d1b37db684:56530,4:96d33a16-3d9f-4d2c-809b-20d1b37db684:36827,1,5:96d33a16-3d9f-4d2c-809b-20d1b37db684:7980
exam_has_indicator,4:96d33a16-3d9f-4d2c-809b-20d1b37db684:56530,4:96d33a16-3d9f-4d2c-809b-20d1b37db684:43173,1,5:96d33a16-3d9f-4d2c-809b-20d1b37db684:23772
exam_has_indicator,4:96d33a16-3d9f-4d2c-809b-20d1b37db684:25512,4:96d33a16-3d9f-4d2c-809b-20d1b37db684:36213,2,5:96d33a16-3d9f-4d2c-809b-20d1b37db684:23804；5:96d33a16-3d9f-4d2c-809b-20d1b37db684:24029
exam_has_indicator,4:96d33a16-3d9f-4d2c-809b-20d1b37db684:25512,4:96d33a16-3d9f-4d2c-809b-20d1b37db684:36216,2,5:96d33a16-3d9f-4d2c-809b-20d1b37db684:23806；5:96d33a16-3d9f-4d2c-809b-20d1b37db684:24030
exam_has_indicator,4:96d33a16-3d9f-4d2c-809b-20d1b37db684:25498,4:96d33a16-3d9f-4d2c-809b-20d1b37db684:43330,1,5:96d33a16-3d9f-4d2c-809b-20d1b37db684:23828
exam_has_indicator,4:96d33a16-3d9f-4d2c-809b-20d1b37db684:25498,4:96d33a16-3d9f-4d2c-809b-20d1b37db684:43322,1,5:96d33a16-3d9f-4d2c-809b-20d1b37db684:23829
exam_has_indicator,4:96d33a16-3d9f-4d2c-809b-20d1b37db684:25498,4:96d33a16-3d9f-4d2c-809b-20d1b37db684:43334,1,5:96d33a16-3d9f-4d2c-809b-20d1b37db684:23830
exam_has_indicator,4:96d33a16-3d9f-4d2c-809b-20d1b37db684:25498,4:96d33a16-3d9f-4d2c-809b-20d1b37db684:43323,1,5:96d33a16-3d9f-4d2c-809b-20d1b37db684:23832
exam_has_indicator,4:96d33a16-3d9f-4d2c-809b-20d1b37db684:36829,4:96d33a16-3d9f-4d2c-809b-20d1b37db684:43321,2,5:96d33a16-3d9f-4d2c-809b-20d1b37db684:23841；5:96d33a16-3d9f-4d2c-809b-20d1b37db684:91899
exam_has_indicator,4:96d33a16-3d9f-4d2c-809b-20d1b37db684:36829,4:96d33a16-3d9f-4d2c-809b-20d1b37db684:43331,2,5:96d33a16-3d9f-4d2c-809b-20d1b37db684:23842；5:96d33a16-3d9f-4d2c-809b-20d1b37db684:91905
exam_has_indicator,4:96d33a16-3d9f-4d2c-809b-20d1b37db684:36829,4:96d33a16-3d9f-4d2c-809b-20d1b37db684:43351,2,5:96d33a16-3d9f-4d2c-809b-20d1b37db684:23844；5:96d33a16-3d9f-4d2c-809b-20d1b37db684:91911
exam_has_indicator,4:96d33a16-3d9f-4d2c-809b-20d1b37db684:38501,4:96d33a16-3d9f-4d2c-809b-20d1b37db684:43320,2,5:96d33a16-3d9f-4d2c-809b-20d1b37db684:23850；5:96d33a16-3d9f-4d2c-809b-20d1b37db684:91898
exam_has_indicator,4:96d33a16-3d9f-4d2c-809b-20d1b37db684:38501,4:96d33a16-3d9f-4d2c-809b-20d1b37db684:43329,2,5:96d33a16-3d9f-4d2c-809b-20d1b37db684:23852；5:96d33a16-3d9f-4d2c-809b-20d1b37db684:91903
exam_has_indicator,4:96d33a16-3d9f-4d2c-809b-20d1b37db684:25502,4:96d33a16-3d9f-4d2c-809b-20d1b37db684:25608,2,5:96d33a16-3d9f-4d2c-809b-20d1b37db684:23998；5:96d33a16-3d9f-4d2c-809b-20d1b37db684:23999
exam_has_indicator,4:96d33a16-3d9f-4d2c-809b-20d1b37db684:25502,4:96d33a16-3d9f-4d2c-809b-20d1b37db684:25651,2,5:96d33a16-3d9f-4d2c-809b-20d1b37db684:24011；5:96d33a16-3d9f-4d2c-809b-20d1b37db684:74933
exam_has_indicator,4:96d33a16-3d9f-4d2c-809b-20d1b37db684:25498,4:96d33a16-3d9f-4d2c-809b-20d1b37db684:25652,1,5:96d33a16-3d9f-4d2c-809b-20d1b37db684:24013
exam_has_indicator,4:96d33a16-3d9f-4d2c-809b-20d1b37db684:25502,4:96d33a16-3d9f-4d2c-809b-20d1b37db684:25656,2,5:96d33a16-3d9f-4d2c-809b-20d1b37db684:24015；5:96d33a16-3d9f-4d2c-809b-20d1b37db684:24016
exam_has_indicator,4:96d33a16-3d9f-4d2c-809b-20d1b37db684:38501,4:96d33a16-3d9f-4d2c-809b-20d1b37db684:30637,2,5:96d33a16-3d9f-4d2c-809b-20d1b37db684:23845；5:96d33a16-3d9f-4d2c-809b-20d1b37db684:24025
exam_has_indicator,4:96d33a16-3d9f-4d2c-809b-20d1b37db684:38501,4:96d33a16-3d9f-4d2c-809b-20d1b37db684:36828,2,5:96d33a16-3d9f-4d2c-809b-20d1b37db684:23847；5:96d33a16-3d9f-4d2c-809b-20d1b37db684:24032
exam_has_indicator,4:96d33a16-3d9f-4d2c-809b-20d1b37db684:36829,4:96d33a16-3d9f-4d2c-809b-20d1b37db684:36828,2,5:96d33a16-3d9f-4d2c-809b-20d1b37db684:24033；5:96d33a16-3d9f-4d2c-809b-20d1b37db684:24034
supported_by_evidence,4:96d33a16-3d9f-4d2c-809b-20d1b37db684:25498,4:96d33a16-3d9f-4d2c-809b-20d1b37db684:54826,1,5:96d33a16-3d9f-4d2c-809b-20d1b37db684:31877
supported_by_evidence,4:96d33a16-3d9f-4d2c-809b-20d1b37db684:25498,4:96d33a16-3d9f-4d2c-809b-20d1b37db684:54843,1,5:96d33a16-3d9f-4d2c-809b-20d1b37db684:32042
supported_by_evidence,4:96d33a16-3d9f-4d2c-809b-20d1b37db684:25498,4:96d33a16-3d9f-4d2c-809b-20d1b37db684:54893,1,5:96d33a16-3d9f-4d2c-809b-20d1b37db684:32467
supported_by_evidence,4:96d33a16-3d9f-4d2c-809b-20d1b37db684:25498,4:96d33a16-3d9f-4d2c-809b-20d1b37db684:54937,1,5:96d33a16-3d9f-4d2c-809b-20d1b37db684:39245
supported_by_evidence,4:96d33a16-3d9f-4d2c-809b-20d1b37db684:25498,4:96d33a16-3d9f-4d2c-809b-20d1b37db684:56205,1,5:96d33a16-3d9f-4d2c-809b-20d1b37db684:47214
supported_by_evidence,4:96d33a16-3d9f-4d2c-809b-20d1b37db684:25498,4:96d33a16-3d9f-4d2c-809b-20d1b37db684:56220,1,5:96d33a16-3d9f-4d2c-809b-20d1b37db684:47215
supported_by_evidence,4:96d33a16-3d9f-4d2c-809b-20d1b37db684:25498,4:96d33a16-3d9f-4d2c-809b-20d1b37db684:56356,1,5:96d33a16-3d9f-4d2c-809b-20d1b37db684:47217
supported_by_evidence,4:96d33a16-3d9f-4d2c-809b-20d1b37db684:25498,4:96d33a16-3d9f-4d2c-809b-20d1b37db684:55696,1,5:96d33a16-3d9f-4d2c-809b-20d1b37db684:47419
supported_by_evidence,4:96d33a16-3d9f-4d2c-809b-20d1b37db684:25498,4:96d33a16-3d9f-4d2c-809b-20d1b37db684:55383,1,5:96d33a16-3d9f-4d2c-809b-20d1b37db684:48392
supported_by_evidence,4:96d33a16-3d9f-4d2c-809b-20d1b37db684:25498,4:96d33a16-3d9f-4d2c-809b-20d1b37db684:55700,1,5:96d33a16-3d9f-4d2c-809b-20d1b37db684:48489
supported_by_evidence,4:96d33a16-3d9f-4d2c-809b-20d1b37db684:25498,4:96d33a16-3d9f-4d2c-809b-20d1b37db684:55729,1,5:96d33a16-3d9f-4d2c-809b-20d1b37db684:51819
supported_by_evidence,4:96d33a16-3d9f-4d2c-809b-20d1b37db684:25498,4:96d33a16-3d9f-4d2c-809b-20d1b37db684:55776,1,5:96d33a16-3d9f-4d2c-809b-20d1b37db684:51833
supported_by_evidence,4:96d33a16-3d9f-4d2c-809b-20d1b37db684:25498,4:96d33a16-3d9f-4d2c-809b-20d1b37db684:55409,1,5:96d33a16-3d9f-4d2c-809b-20d1b37db684:51845
supported_by_evidence,4:96d33a16-3d9f-4d2c-809b-20d1b37db684:25498,4:96d33a16-3d9f-4d2c-809b-20d1b37db684:55412,1,5:96d33a16-3d9f-4d2c-809b-20d1b37db684:51859
supported_by_evidence,4:96d33a16-3d9f-4d2c-809b-20d1b37db684:25498,4:96d33a16-3d9f-4d2c-809b-20d1b37db684:55448,1,5:96d33a16-3d9f-4d2c-809b-20d1b37db684:51867
supported_by_evidence,4:96d33a16-3d9f-4d2c-809b-20d1b37db684:25498,4:96d33a16-3d9f-4d2c-809b-20d1b37db684:55477,1,5:96d33a16-3d9f-4d2c-809b-20d1b37db684:51868
supported_by_evidence,4:96d33a16-3d9f-4d2c-809b-20d1b37db684:25498,4:96d33a16-3d9f-4d2c-809b-20d1b37db684:55791,1,5:96d33a16-3d9f-4d2c-809b-20d1b37db684:51892
supported_by_evidence,4:96d33a16-3d9f-4d2c-809b-20d1b37db684:25498,4:96d33a16-3d9f-4d2c-809b-20d1b37db684:56032,1,5:96d33a16-3d9f-4d2c-809b-20d1b37db684:51895
supported_by_evidence,4:96d33a16-3d9f-4d2c-809b-20d1b37db684:25498,4:96d33a16-3d9f-4d2c-809b-20d1b37db684:55819,1,5:96d33a16-3d9f-4d2c-809b-20d1b37db684:51901
supported_by_evidence,4:96d33a16-3d9f-4d2c-809b-20d1b37db684:25498,4:96d33a16-3d9f-4d2c-809b-20d1b37db684:55486,1,5:96d33a16-3d9f-4d2c-809b-20d1b37db684:51909
supported_by_evidence,4:96d33a16-3d9f-4d2c-809b-20d1b37db684:25498,4:96d33a16-3d9f-4d2c-809b-20d1b37db684:55856,1,5:96d33a16-3d9f-4d2c-809b-20d1b37db684:51943
supported_by_evidence,4:96d33a16-3d9f-4d2c-809b-20d1b37db684:25498,4:96d33a16-3d9f-4d2c-809b-20d1b37db684:55551,1,5:96d33a16-3d9f-4d2c-809b-20d1b37db684:51980
supported_by_evidence,4:96d33a16-3d9f-4d2c-809b-20d1b37db684:25498,4:96d33a16-3d9f-4d2c-809b-20d1b37db684:55863,1,5:96d33a16-3d9f-4d2c-809b-20d1b37db684:51985
supported_by_evidence,4:96d33a16-3d9f-4d2c-809b-20d1b37db684:25498,4:96d33a16-3d9f-4d2c-809b-20d1b37db684:54939,1,5:96d33a16-3d9f-4d2c-809b-20d1b37db684:52060
supported_by_evidence,4:96d33a16-3d9f-4d2c-809b-20d1b37db684:25498,4:96d33a16-3d9f-4d2c-809b-20d1b37db684:55865,1,5:96d33a16-3d9f-4d2c-809b-20d1b37db684:52062
supported_by_evidence,4:96d33a16-3d9f-4d2c-809b-20d1b37db684:25498,4:96d33a16-3d9f-4d2c-809b-20d1b37db684:55559,1,5:96d33a16-3d9f-4d2c-809b-20d1b37db684:52074
supported_by_evidence,4:96d33a16-3d9f-4d2c-809b-20d1b37db684:25498,4:96d33a16-3d9f-4d2c-809b-20d1b37db684:55893,1,5:96d33a16-3d9f-4d2c-809b-20d1b37db684:52090
supported_by_evidence,4:96d33a16-3d9f-4d2c-809b-20d1b37db684:25498,4:96d33a16-3d9f-4d2c-809b-20d1b37db684:55911,1,5:96d33a16-3d9f-4d2c-809b-20d1b37db684:52099
supported_by_evidence,4:96d33a16-3d9f-4d2c-809b-20d1b37db684:25498,4:96d33a16-3d9f-4d2c-809b-20d1b37db684:55913,1,5:96d33a16-3d9f-4d2c-809b-20d1b37db684:52121
supported_by_evidence,4:96d33a16-3d9f-4d2c-809b-20d1b37db684:25498,4:96d33a16-3d9f-4d2c-809b-20d1b37db684:55971,1,5:96d33a16-3d9f-4d2c-809b-20d1b37db684:52137
supported_by_evidence,4:96d33a16-3d9f-4d2c-809b-20d1b37db684:25498,4:96d33a16-3d9f-4d2c-809b-20d1b37db684:56001,1,5:96d33a16-3d9f-4d2c-809b-20d1b37db684:52178
supported_by_evidence,4:96d33a16-3d9f-4d2c-809b-20d1b37db684:25498,4:96d33a16-3d9f-4d2c-809b-20d1b37db684:54947,1,5:96d33a16-3d9f-4d2c-809b-20d1b37db684:52185
supported_by_evidence,4:96d33a16-3d9f-4d2c-809b-20d1b37db684:25498,4:96d33a16-3d9f-4d2c-809b-20d1b37db684:54964,1,5:96d33a16-3d9f-4d2c-809b-20d1b37db684:52194
supported_by_evidence,4:96d33a16-3d9f-4d2c-809b-20d1b37db684:25498,4:96d33a16-3d9f-4d2c-809b-20d1b37db684:54972,1,5:96d33a16-3d9f-4d2c-809b-20d1b37db684:52206
supported_by_evidence,4:96d33a16-3d9f-4d2c-809b-20d1b37db684:25498,4:96d33a16-3d9f-4d2c-809b-20d1b37db684:56037,1,5:96d33a16-3d9f-4d2c-809b-20d1b37db684:52208
supported_by_evidence,4:96d33a16-3d9f-4d2c-809b-20d1b37db684:25498,4:96d33a16-3d9f-4d2c-809b-20d1b37db684:54994,1,5:96d33a16-3d9f-4d2c-809b-20d1b37db684:52246
supported_by_evidence,4:96d33a16-3d9f-4d2c-809b-20d1b37db684:25498,4:96d33a16-3d9f-4d2c-809b-20d1b37db684:55561,1,5:96d33a16-3d9f-4d2c-809b-20d1b37db684:52265
supported_by_evidence,4:96d33a16-3d9f-4d2c-809b-20d1b37db684:25498,4:96d33a16-3d9f-4d2c-809b-20d1b37db684:55591,1,5:96d33a16-3d9f-4d2c-809b-20d1b37db684:52299
supported_by_evidence,4:96d33a16-3d9f-4d2c-809b-20d1b37db684:25498,4:96d33a16-3d9f-4d2c-809b-20d1b37db684:54909,1,5:96d33a16-3d9f-4d2c-809b-20d1b37db684:52322
supported_by_evidence,4:96d33a16-3d9f-4d2c-809b-20d1b37db684:25498,4:96d33a16-3d9f-4d2c-809b-20d1b37db684:54916,1,5:96d33a16-3d9f-4d2c-809b-20d1b37db684:52348
supported_by_evidence,4:96d33a16-3d9f-4d2c-809b-20d1b37db684:25498,4:96d33a16-3d9f-4d2c-809b-20d1b37db684:54931,1,5:96d33a16-3d9f-4d2c-809b-20d1b37db684:52462
supported_by_evidence,4:96d33a16-3d9f-4d2c-809b-20d1b37db684:25498,4:96d33a16-3d9f-4d2c-809b-20d1b37db684:55598,1,5:96d33a16-3d9f-4d2c-809b-20d1b37db684:52470
supported_by_evidence,4:96d33a16-3d9f-4d2c-809b-20d1b37db684:25498,4:96d33a16-3d9f-4d2c-809b-20d1b37db684:55605,1,5:96d33a16-3d9f-4d2c-809b-20d1b37db684:52473
supported_by_evidence,4:96d33a16-3d9f-4d2c-809b-20d1b37db684:25498,4:96d33a16-3d9f-4d2c-809b-20d1b37db684:55009,1,5:96d33a16-3d9f-4d2c-809b-20d1b37db684:52481
supported_by_evidence,4:96d33a16-3d9f-4d2c-809b-20d1b37db684:25498,4:96d33a16-3d9f-4d2c-809b-20d1b37db684:55068,1,5:96d33a16-3d9f-4d2c-809b-20d1b37db684:52483
supported_by_evidence,4:96d33a16-3d9f-4d2c-809b-20d1b37db684:25498,4:96d33a16-3d9f-4d2c-809b-20d1b37db684:55638,1,5:96d33a16-3d9f-4d2c-809b-20d1b37db684:52525
exam_has_indicator,4:96d33a16-3d9f-4d2c-809b-20d1b37db684:56530,4:96d33a16-3d9f-4d2c-809b-20d1b37db684:43171,1,5:96d33a16-3d9f-4d2c-809b-20d1b37db684:56102
requires_exam,4:96d33a16-3d9f-4d2c-809b-20d1b37db684:25,4:96d33a16-3d9f-4d2c-809b-20d1b37db684:56530,2,5:96d33a16-3d9f-4d2c-809b-20d1b37db684:198189；5:96d33a16-3d9f-4d2c-809b-20d1b37db684:67963
supported_by_evidence,4:96d33a16-3d9f-4d2c-809b-20d1b37db684:56530,4:96d33a16-3d9f-4d2c-809b-20d1b37db684:29021,1,5:96d33a16-3d9f-4d2c-809b-20d1b37db684:70151
supported_by_evidence,4:96d33a16-3d9f-4d2c-809b-20d1b37db684:56530,4:96d33a16-3d9f-4d2c-809b-20d1b37db684:29032,1,5:96d33a16-3d9f-4d2c-809b-20d1b37db684:70152
supported_by_evidence,4:96d33a16-3d9f-4d2c-809b-20d1b37db684:56530,4:96d33a16-3d9f-4d2c-809b-20d1b37db684:29050,1,5:96d33a16-3d9f-4d2c-809b-20d1b37db684:70153
supported_by_evidence,4:96d33a16-3d9f-4d2c-809b-20d1b37db684:56530,4:96d33a16-3d9f-4d2c-809b-20d1b37db684:29064,1,5:96d33a16-3d9f-4d2c-809b-20d1b37db684:70154
supported_by_evidence,4:96d33a16-3d9f-4d2c-809b-20d1b37db684:56530,4:96d33a16-3d9f-4d2c-809b-20d1b37db684:29108,1,5:96d33a16-3d9f-4d2c-809b-20d1b37db684:70155
supported_by_evidence,4:96d33a16-3d9f-4d2c-809b-20d1b37db684:56530,4:96d33a16-3d9f-4d2c-809b-20d1b37db684:29186,1,5:96d33a16-3d9f-4d2c-809b-20d1b37db684:70156
supported_by_evidence,4:96d33a16-3d9f-4d2c-809b-20d1b37db684:56530,4:96d33a16-3d9f-4d2c-809b-20d1b37db684:29200,1,5:96d33a16-3d9f-4d2c-809b-20d1b37db684:70157
supported_by_evidence,4:96d33a16-3d9f-4d2c-809b-20d1b37db684:56530,4:96d33a16-3d9f-4d2c-809b-20d1b37db684:29205,1,5:96d33a16-3d9f-4d2c-809b-20d1b37db684:70158
supported_by_evidence,4:96d33a16-3d9f-4d2c-809b-20d1b37db684:56530,4:96d33a16-3d9f-4d2c-809b-20d1b37db684:29211,1,5:96d33a16-3d9f-4d2c-809b-20d1b37db684:70159
supported_by_evidence,4:96d33a16-3d9f-4d2c-809b-20d1b37db684:56530,4:96d33a16-3d9f-4d2c-809b-20d1b37db684:29299,1,5:96d33a16-3d9f-4d2c-809b-20d1b37db684:70160
supported_by_evidence,4:96d33a16-3d9f-4d2c-809b-20d1b37db684:56530,4:96d33a16-3d9f-4d2c-809b-20d1b37db684:29313,1,5:96d33a16-3d9f-4d2c-809b-20d1b37db684:70161
supported_by_evidence,4:96d33a16-3d9f-4d2c-809b-20d1b37db684:56530,4:96d33a16-3d9f-4d2c-809b-20d1b37db684:29379,1,5:96d33a16-3d9f-4d2c-809b-20d1b37db684:70162
supported_by_evidence,4:96d33a16-3d9f-4d2c-809b-20d1b37db684:56530,4:96d33a16-3d9f-4d2c-809b-20d1b37db684:29383,1,5:96d33a16-3d9f-4d2c-809b-20d1b37db684:70163
supported_by_evidence,4:96d33a16-3d9f-4d2c-809b-20d1b37db684:56530,4:96d33a16-3d9f-4d2c-809b-20d1b37db684:29385,1,5:96d33a16-3d9f-4d2c-809b-20d1b37db684:70164
supported_by_evidence,4:96d33a16-3d9f-4d2c-809b-20d1b37db684:56530,4:96d33a16-3d9f-4d2c-809b-20d1b37db684:29399,1,5:96d33a16-3d9f-4d2c-809b-20d1b37db684:70165
supported_by_evidence,4:96d33a16-3d9f-4d2c-809b-20d1b37db684:56530,4:96d33a16-3d9f-4d2c-809b-20d1b37db684:29404,1,5:96d33a16-3d9f-4d2c-809b-20d1b37db684:70166
supported_by_evidence,4:96d33a16-3d9f-4d2c-809b-20d1b37db684:56530,4:96d33a16-3d9f-4d2c-809b-20d1b37db684:29490,1,5:96d33a16-3d9f-4d2c-809b-20d1b37db684:70167
supported_by_evidence,4:96d33a16-3d9f-4d2c-809b-20d1b37db684:56530,4:96d33a16-3d9f-4d2c-809b-20d1b37db684:29492,1,5:96d33a16-3d9f-4d2c-809b-20d1b37db684:70168
supported_by_evidence,4:96d33a16-3d9f-4d2c-809b-20d1b37db684:56530,4:96d33a16-3d9f-4d2c-809b-20d1b37db684:29512,1,5:96d33a16-3d9f-4d2c-809b-20d1b37db684:70169
supported_by_evidence,4:96d33a16-3d9f-4d2c-809b-20d1b37db684:56530,4:96d33a16-3d9f-4d2c-809b-20d1b37db684:29515,1,5:96d33a16-3d9f-4d2c-809b-20d1b37db684:70170
supported_by_evidence,4:96d33a16-3d9f-4d2c-809b-20d1b37db684:56530,4:96d33a16-3d9f-4d2c-809b-20d1b37db684:29521,1,5:96d33a16-3d9f-4d2c-809b-20d1b37db684:70171
supported_by_evidence,4:96d33a16-3d9f-4d2c-809b-20d1b37db684:56530,4:96d33a16-3d9f-4d2c-809b-20d1b37db684:29529,1,5:96d33a16-3d9f-4d2c-809b-20d1b37db684:70172
supported_by_evidence,4:96d33a16-3d9f-4d2c-809b-20d1b37db684:56530,4:96d33a16-3d9f-4d2c-809b-20d1b37db684:29541,1,5:96d33a16-3d9f-4d2c-809b-20d1b37db684:70173
supported_by_evidence,4:96d33a16-3d9f-4d2c-809b-20d1b37db684:56530,4:96d33a16-3d9f-4d2c-809b-20d1b37db684:29546,1,5:96d33a16-3d9f-4d2c-809b-20d1b37db684:70174
supported_by_evidence,4:96d33a16-3d9f-4d2c-809b-20d1b37db684:56530,4:96d33a16-3d9f-4d2c-809b-20d1b37db684:29661,1,5:96d33a16-3d9f-4d2c-809b-20d1b37db684:70175
supported_by_evidence,4:96d33a16-3d9f-4d2c-809b-20d1b37db684:56530,4:96d33a16-3d9f-4d2c-809b-20d1b37db684:29676,1,5:96d33a16-3d9f-4d2c-809b-20d1b37db684:70176
supported_by_evidence,4:96d33a16-3d9f-4d2c-809b-20d1b37db684:56530,4:96d33a16-3d9f-4d2c-809b-20d1b37db684:29711,1,5:96d33a16-3d9f-4d2c-809b-20d1b37db684:70177
supported_by_evidence,4:96d33a16-3d9f-4d2c-809b-20d1b37db684:56530,4:96d33a16-3d9f-4d2c-809b-20d1b37db684:29718,1,5:96d33a16-3d9f-4d2c-809b-20d1b37db684:70178
supported_by_evidence,4:96d33a16-3d9f-4d2c-809b-20d1b37db684:56530,4:96d33a16-3d9f-4d2c-809b-20d1b37db684:29725,1,5:96d33a16-3d9f-4d2c-809b-20d1b37db684:70179
supported_by_evidence,4:96d33a16-3d9f-4d2c-809b-20d1b37db684:56530,4:96d33a16-3d9f-4d2c-809b-20d1b37db684:29733,1,5:96d33a16-3d9f-4d2c-809b-20d1b37db684:70180
supported_by_evidence,4:96d33a16-3d9f-4d2c-809b-20d1b37db684:56530,4:96d33a16-3d9f-4d2c-809b-20d1b37db684:29789,1,5:96d33a16-3d9f-4d2c-809b-20d1b37db684:70181
supported_by_evidence,4:96d33a16-3d9f-4d2c-809b-20d1b37db684:56530,4:96d33a16-3d9f-4d2c-809b-20d1b37db684:29800,1,5:96d33a16-3d9f-4d2c-809b-20d1b37db684:70182
supported_by_evidence,4:96d33a16-3d9f-4d2c-809b-20d1b37db684:56530,4:96d33a16-3d9f-4d2c-809b-20d1b37db684:29854,1,5:96d33a16-3d9f-4d2c-809b-20d1b37db684:70183
supported_by_evidence,4:96d33a16-3d9f-4d2c-809b-20d1b37db684:56530,4:96d33a16-3d9f-4d2c-809b-20d1b37db684:29861,1,5:96d33a16-3d9f-4d2c-809b-20d1b37db684:70184
supported_by_evidence,4:96d33a16-3d9f-4d2c-809b-20d1b37db684:56530,4:96d33a16-3d9f-4d2c-809b-20d1b37db684:30002,1,5:96d33a16-3d9f-4d2c-809b-20d1b37db684:70185
supported_by_evidence,4:96d33a16-3d9f-4d2c-809b-20d1b37db684:56530,4:96d33a16-3d9f-4d2c-809b-20d1b37db684:30006,1,5:96d33a16-3d9f-4d2c-809b-20d1b37db684:70186
supported_by_evidence,4:96d33a16-3d9f-4d2c-809b-20d1b37db684:56530,4:96d33a16-3d9f-4d2c-809b-20d1b37db684:30009,1,5:96d33a16-3d9f-4d2c-809b-20d1b37db684:70187
supported_by_evidence,4:96d33a16-3d9f-4d2c-809b-20d1b37db684:56530,4:96d33a16-3d9f-4d2c-809b-20d1b37db684:30022,1,5:96d33a16-3d9f-4d2c-809b-20d1b37db684:70188
supported_by_evidence,4:96d33a16-3d9f-4d2c-809b-20d1b37db684:56530,4:96d33a16-3d9f-4d2c-809b-20d1b37db684:30088,1,5:96d33a16-3d9f-4d2c-809b-20d1b37db684:70189
supported_by_evidence,4:96d33a16-3d9f-4d2c-809b-20d1b37db684:56530,4:96d33a16-3d9f-4d2c-809b-20d1b37db684:30090,1,5:96d33a16-3d9f-4d2c-809b-20d1b37db684:70190
supported_by_evidence,4:96d33a16-3d9f-4d2c-809b-20d1b37db684:56530,4:96d33a16-3d9f-4d2c-809b-20d1b37db684:30103,1,5:96d33a16-3d9f-4d2c-809b-20d1b37db684:70191
supported_by_evidence,4:96d33a16-3d9f-4d2c-809b-20d1b37db684:56530,4:96d33a16-3d9f-4d2c-809b-20d1b37db684:30109,1,5:96d33a16-3d9f-4d2c-809b-20d1b37db684:70192
supported_by_evidence,4:96d33a16-3d9f-4d2c-809b-20d1b37db684:56530,4:96d33a16-3d9f-4d2c-809b-20d1b37db684:30150,1,5:96d33a16-3d9f-4d2c-809b-20d1b37db684:70193
supported_by_evidence,4:96d33a16-3d9f-4d2c-809b-20d1b37db684:56530,4:96d33a16-3d9f-4d2c-809b-20d1b37db684:30173,1,5:96d33a16-3d9f-4d2c-809b-20d1b37db684:70194
supported_by_evidence,4:96d33a16-3d9f-4d2c-809b-20d1b37db684:56530,4:96d33a16-3d9f-4d2c-809b-20d1b37db684:30181,1,5:96d33a16-3d9f-4d2c-809b-20d1b37db684:70195
supported_by_evidence,4:96d33a16-3d9f-4d2c-809b-20d1b37db684:56530,4:96d33a16-3d9f-4d2c-809b-20d1b37db684:30201,1,5:96d33a16-3d9f-4d2c-809b-20d1b37db684:70196
supported_by_evidence,4:96d33a16-3d9f-4d2c-809b-20d1b37db684:56530,4:96d33a16-3d9f-4d2c-809b-20d1b37db684:30213,1,5:96d33a16-3d9f-4d2c-809b-20d1b37db684:70197
supported_by_evidence,4:96d33a16-3d9f-4d2c-809b-20d1b37db684:56530,4:96d33a16-3d9f-4d2c-809b-20d1b37db684:30263,1,5:96d33a16-3d9f-4d2c-809b-20d1b37db684:70198
supported_by_evidence,4:96d33a16-3d9f-4d2c-809b-20d1b37db684:56530,4:96d33a16-3d9f-4d2c-809b-20d1b37db684:30301,1,5:96d33a16-3d9f-4d2c-809b-20d1b37db684:70199
supported_by_evidence,4:96d33a16-3d9f-4d2c-809b-20d1b37db684:56530,4:96d33a16-3d9f-4d2c-809b-20d1b37db684:30340,1,5:96d33a16-3d9f-4d2c-809b-20d1b37db684:70200
supported_by_evidence,4:96d33a16-3d9f-4d2c-809b-20d1b37db684:56530,4:96d33a16-3d9f-4d2c-809b-20d1b37db684:30360,1,5:96d33a16-3d9f-4d2c-809b-20d1b37db684:70201
supported_by_evidence,4:96d33a16-3d9f-4d2c-809b-20d1b37db684:56530,4:96d33a16-3d9f-4d2c-809b-20d1b37db684:30403,1,5:96d33a16-3d9f-4d2c-809b-20d1b37db684:70202
supported_by_evidence,4:96d33a16-3d9f-4d2c-809b-20d1b37db684:56530,4:96d33a16-3d9f-4d2c-809b-20d1b37db684:30449,1,5:96d33a16-3d9f-4d2c-809b-20d1b37db684:70203
supported_by_evidence,4:96d33a16-3d9f-4d2c-809b-20d1b37db684:56530,4:96d33a16-3d9f-4d2c-809b-20d1b37db684:30508,1,5:96d33a16-3d9f-4d2c-809b-20d1b37db684:70204
supported_by_evidence,4:96d33a16-3d9f-4d2c-809b-20d1b37db684:56530,4:96d33a16-3d9f-4d2c-809b-20d1b37db684:30524,1,5:96d33a16-3d9f-4d2c-809b-20d1b37db684:70205
supported_by_evidence,4:96d33a16-3d9f-4d2c-809b-20d1b37db684:56530,4:96d33a16-3d9f-4d2c-809b-20d1b37db684:30628,1,5:96d33a16-3d9f-4d2c-809b-20d1b37db684:70206
exam_has_indicator,4:96d33a16-3d9f-4d2c-809b-20d1b37db684:25502,4:96d33a16-3d9f-4d2c-809b-20d1b37db684:28936,2,5:96d33a16-3d9f-4d2c-809b-20d1b37db684:24023；5:96d33a16-3d9f-4d2c-809b-20d1b37db684:74936
exam_has_indicator,4:96d33a16-3d9f-4d2c-809b-20d1b37db684:25502,4:96d33a16-3d9f-4d2c-809b-20d1b37db684:25609,2,5:96d33a16-3d9f-4d2c-809b-20d1b37db684:24001；5:96d33a16-3d9f-4d2c-809b-20d1b37db684:74937
exam_has_indicator,4:96d33a16-3d9f-4d2c-809b-20d1b37db684:25512,4:96d33a16-3d9f-4d2c-809b-20d1b37db684:43234,2,5:96d33a16-3d9f-4d2c-809b-20d1b37db684:91886；5:96d33a16-3d9f-4d2c-809b-20d1b37db684:91887
exam_has_indicator,4:96d33a16-3d9f-4d2c-809b-20d1b37db684:25512,4:96d33a16-3d9f-4d2c-809b-20d1b37db684:43235,2,5:96d33a16-3d9f-4d2c-809b-20d1b37db684:91888；5:96d33a16-3d9f-4d2c-809b-20d1b37db684:91889
treated_by_procedure,4:96d33a16-3d9f-4d2c-809b-20d1b37db684:53079,4:96d33a16-3d9f-4d2c-809b-20d1b37db684:56532,1,5:96d33a16-3d9f-4d2c-809b-20d1b37db684:91922
supported_by_evidence,4:96d33a16-3d9f-4d2c-809b-20d1b37db684:56532,4:96d33a16-3d9f-4d2c-809b-20d1b37db684:53416,1,5:96d33a16-3d9f-4d2c-809b-20d1b37db684:91923
treated_by_procedure,4:96d33a16-3d9f-4d2c-809b-20d1b37db684:47911,4:96d33a16-3d9f-4d2c-809b-20d1b37db684:56532,1,5:96d33a16-3d9f-4d2c-809b-20d1b37db684:91924
supported_by_evidence,4:96d33a16-3d9f-4d2c-809b-20d1b37db684:56532,4:96d33a16-3d9f-4d2c-809b-20d1b37db684:48313,1,5:96d33a16-3d9f-4d2c-809b-20d1b37db684:91925
treated_by_procedure,4:96d33a16-3d9f-4d2c-809b-20d1b37db684:44904,4:96d33a16-3d9f-4d2c-809b-20d1b37db684:56532,2,5:96d33a16-3d9f-4d2c-809b-20d1b37db684:198273；5:96d33a16-3d9f-4d2c-809b-20d1b37db684:91926
supported_by_evidence,4:96d33a16-3d9f-4d2c-809b-20d1b37db684:56532,4:96d33a16-3d9f-4d2c-809b-20d1b37db684:45092,1,5:96d33a16-3d9f-4d2c-809b-20d1b37db684:91927
supported_by_evidence,4:96d33a16-3d9f-4d2c-809b-20d1b37db684:56532,4:96d33a16-3d9f-4d2c-809b-20d1b37db684:46022,1,5:96d33a16-3d9f-4d2c-809b-20d1b37db684:91928
supported_by_evidence,4:96d33a16-3d9f-4d2c-809b-20d1b37db684:56532,4:96d33a16-3d9f-4d2c-809b-20d1b37db684:45550,1,5:96d33a16-3d9f-4d2c-809b-20d1b37db684:91929
supported_by_evidence,4:96d33a16-3d9f-4d2c-809b-20d1b37db684:25498,4:96d33a16-3d9f-4d2c-809b-20d1b37db684:43504,1,5:96d33a16-3d9f-4d2c-809b-20d1b37db684:109064
supported_by_evidence,4:96d33a16-3d9f-4d2c-809b-20d1b37db684:25498,4:96d33a16-3d9f-4d2c-809b-20d1b37db684:43513,1,5:96d33a16-3d9f-4d2c-809b-20d1b37db684:109428
supported_by_evidence,4:96d33a16-3d9f-4d2c-809b-20d1b37db684:25498,4:96d33a16-3d9f-4d2c-809b-20d1b37db684:55070,1,5:96d33a16-3d9f-4d2c-809b-20d1b37db684:111937
supported_by_evidence,4:96d33a16-3d9f-4d2c-809b-20d1b37db684:25498,4:96d33a16-3d9f-4d2c-809b-20d1b37db684:43539,1,5:96d33a16-3d9f-4d2c-809b-20d1b37db684:111953
supported_by_evidence,4:96d33a16-3d9f-4d2c-809b-20d1b37db684:25498,4:96d33a16-3d9f-4d2c-809b-20d1b37db684:55076,1,5:96d33a16-3d9f-4d2c-809b-20d1b37db684:112089
supported_by_evidence,4:96d33a16-3d9f-4d2c-809b-20d1b37db684:25498,4:96d33a16-3d9f-4d2c-809b-20d1b37db684:43573,1,5:96d33a16-3d9f-4d2c-809b-20d1b37db684:112100
supported_by_evidence,4:96d33a16-3d9f-4d2c-809b-20d1b37db684:25498,4:96d33a16-3d9f-4d2c-809b-20d1b37db684:43540,1,5:96d33a16-3d9f-4d2c-809b-20d1b37db684:112208
supported_by_evidence,4:96d33a16-3d9f-4d2c-809b-20d1b37db684:25498,4:96d33a16-3d9f-4d2c-809b-20d1b37db684:55110,1,5:96d33a16-3d9f-4d2c-809b-20d1b37db684:112424
supported_by_evidence,4:96d33a16-3d9f-4d2c-809b-20d1b37db684:36850,4:96d33a16-3d9f-4d2c-809b-20d1b37db684:43664,2,5:96d33a16-3d9f-4d2c-809b-20d1b37db684:113378；5:96d33a16-3d9f-4d2c-809b-20d1b37db684:157330
supported_by_evidence,4:96d33a16-3d9f-4d2c-809b-20d1b37db684:25498,4:96d33a16-3d9f-4d2c-809b-20d1b37db684:55113,1,5:96d33a16-3d9f-4d2c-809b-20d1b37db684:113502
supported_by_evidence,4:96d33a16-3d9f-4d2c-809b-20d1b37db684:25498,4:96d33a16-3d9f-4d2c-809b-20d1b37db684:56152,1,5:96d33a16-3d9f-4d2c-809b-20d1b37db684:114735
supported_by_evidence,4:96d33a16-3d9f-4d2c-809b-20d1b37db684:25498,4:96d33a16-3d9f-4d2c-809b-20d1b37db684:56094,1,5:96d33a16-3d9f-4d2c-809b-20d1b37db684:114737
supported_by_evidence,4:96d33a16-3d9f-4d2c-809b-20d1b37db684:25498,4:96d33a16-3d9f-4d2c-809b-20d1b37db684:56334,1,5:96d33a16-3d9f-4d2c-809b-20d1b37db684:114739
supported_by_evidence,4:96d33a16-3d9f-4d2c-809b-20d1b37db684:25498,4:96d33a16-3d9f-4d2c-809b-20d1b37db684:56146,1,5:96d33a16-3d9f-4d2c-809b-20d1b37db684:114740
supported_by_evidence,4:96d33a16-3d9f-4d2c-809b-20d1b37db684:25498,4:96d33a16-3d9f-4d2c-809b-20d1b37db684:56350,1,5:96d33a16-3d9f-4d2c-809b-20d1b37db684:114741
supported_by_evidence,4:96d33a16-3d9f-4d2c-809b-20d1b37db684:25498,4:96d33a16-3d9f-4d2c-809b-20d1b37db684:56444,1,5:96d33a16-3d9f-4d2c-809b-20d1b37db684:114755
supported_by_evidence,4:96d33a16-3d9f-4d2c-809b-20d1b37db684:25498,4:96d33a16-3d9f-4d2c-809b-20d1b37db684:56252,1,5:96d33a16-3d9f-4d2c-809b-20d1b37db684:114770
supported_by_evidence,4:96d33a16-3d9f-4d2c-809b-20d1b37db684:25498,4:96d33a16-3d9f-4d2c-809b-20d1b37db684:56207,1,5:96d33a16-3d9f-4d2c-809b-20d1b37db684:114782
supported_by_evidence,4:96d33a16-3d9f-4d2c-809b-20d1b37db684:51476,4:96d33a16-3d9f-4d2c-809b-20d1b37db684:55776,1,5:96d33a16-3d9f-4d2c-809b-20d1b37db684:114801
lab_test_has_indicator,4:96d33a16-3d9f-4d2c-809b-20d1b37db684:36850,4:96d33a16-3d9f-4d2c-809b-20d1b37db684:43673,3,5:96d33a16-3d9f-4d2c-809b-20d1b37db684:114935；5:96d33a16-3d9f-4d2c-809b-20d1b37db684:140842；5:96d33a16-3d9f-4d2c-809b-20d1b37db684:140849
supported_by_evidence,4:96d33a16-3d9f-4d2c-809b-20d1b37db684:36850,4:96d33a16-3d9f-4d2c-809b-20d1b37db684:43296,2,5:96d33a16-3d9f-4d2c-809b-20d1b37db684:114973；5:96d33a16-3d9f-4d2c-809b-20d1b37db684:157354
supported_by_evidence,4:96d33a16-3d9f-4d2c-809b-20d1b37db684:25498,4:96d33a16-3d9f-4d2c-809b-20d1b37db684:55160,1,5:96d33a16-3d9f-4d2c-809b-20d1b37db684:115114
supported_by_evidence,4:96d33a16-3d9f-4d2c-809b-20d1b37db684:51476,4:96d33a16-3d9f-4d2c-809b-20d1b37db684:43540,1,5:96d33a16-3d9f-4d2c-809b-20d1b37db684:115592
derived_from,4:96d33a16-3d9f-4d2c-809b-20d1b37db684:47,4:96d33a16-3d9f-4d2c-809b-20d1b37db684:6960,1,5:96d33a16-3d9f-4d2c-809b-20d1b37db684:139416
supported_by_evidence,4:96d33a16-3d9f-4d2c-809b-20d1b37db684:47,4:96d33a16-3d9f-4d2c-809b-20d1b37db684:6960,1,5:96d33a16-3d9f-4d2c-809b-20d1b37db684:139449
supported_by_evidence,4:96d33a16-3d9f-4d2c-809b-20d1b37db684:51,4:96d33a16-3d9f-4d2c-809b-20d1b37db684:6960,1,5:96d33a16-3d9f-4d2c-809b-20d1b37db684:139493
supported_by_evidence,4:96d33a16-3d9f-4d2c-809b-20d1b37db684:36829,4:96d33a16-3d9f-4d2c-809b-20d1b37db684:43311,2,5:96d33a16-3d9f-4d2c-809b-20d1b37db684:140394；5:96d33a16-3d9f-4d2c-809b-20d1b37db684:157692
supported_by_evidence,4:96d33a16-3d9f-4d2c-809b-20d1b37db684:36829,4:96d33a16-3d9f-4d2c-809b-20d1b37db684:43317,2,5:96d33a16-3d9f-4d2c-809b-20d1b37db684:140395；5:96d33a16-3d9f-4d2c-809b-20d1b37db684:157704
supported_by_evidence,4:96d33a16-3d9f-4d2c-809b-20d1b37db684:25498,4:96d33a16-3d9f-4d2c-809b-20d1b37db684:43613,1,5:96d33a16-3d9f-4d2c-809b-20d1b37db684:140460
supported_by_evidence,4:96d33a16-3d9f-4d2c-809b-20d1b37db684:46967,4:96d33a16-3d9f-4d2c-809b-20d1b37db684:43296,2,5:96d33a16-3d9f-4d2c-809b-20d1b37db684:140464；5:96d33a16-3d9f-4d2c-809b-20d1b37db684:157634
supported_by_evidence,4:96d33a16-3d9f-4d2c-809b-20d1b37db684:25498,4:96d33a16-3d9f-4d2c-809b-20d1b37db684:56165,1,5:96d33a16-3d9f-4d2c-809b-20d1b37db684:140523
supported_by_evidence,4:96d33a16-3d9f-4d2c-809b-20d1b37db684:25498,4:96d33a16-3d9f-4d2c-809b-20d1b37db684:56108,1,5:96d33a16-3d9f-4d2c-809b-20d1b37db684:140525
supported_by_evidence,4:96d33a16-3d9f-4d2c-809b-20d1b37db684:25498,4:96d33a16-3d9f-4d2c-809b-20d1b37db684:56346,1,5:96d33a16-3d9f-4d2c-809b-20d1b37db684:140527
supported_by_evidence,4:96d33a16-3d9f-4d2c-809b-20d1b37db684:25498,4:96d33a16-3d9f-4d2c-809b-20d1b37db684:56148,1,5:96d33a16-3d9f-4d2c-809b-20d1b37db684:140528
supported_by_evidence,4:96d33a16-3d9f-4d2c-809b-20d1b37db684:25498,4:96d33a16-3d9f-4d2c-809b-20d1b37db684:56353,1,5:96d33a16-3d9f-4d2c-809b-20d1b37db684:140529
supported_by_evidence,4:96d33a16-3d9f-4d2c-809b-20d1b37db684:25498,4:96d33a16-3d9f-4d2c-809b-20d1b37db684:56457,1,5:96d33a16-3d9f-4d2c-809b-20d1b37db684:140530
supported_by_evidence,4:96d33a16-3d9f-4d2c-809b-20d1b37db684:25498,4:96d33a16-3d9f-4d2c-809b-20d1b37db684:56279,1,5:96d33a16-3d9f-4d2c-809b-20d1b37db684:140534
supported_by_evidence,4:96d33a16-3d9f-4d2c-809b-20d1b37db684:25498,4:96d33a16-3d9f-4d2c-809b-20d1b37db684:56214,1,5:96d33a16-3d9f-4d2c-809b-20d1b37db684:140543
supported_by_evidence,4:96d33a16-3d9f-4d2c-809b-20d1b37db684:51476,4:96d33a16-3d9f-4d2c-809b-20d1b37db684:56066,1,5:96d33a16-3d9f-4d2c-809b-20d1b37db684:140554
supported_by_evidence,4:96d33a16-3d9f-4d2c-809b-20d1b37db684:51476,4:96d33a16-3d9f-4d2c-809b-20d1b37db684:55167,1,5:96d33a16-3d9f-4d2c-809b-20d1b37db684:140569
supported_by_evidence,4:96d33a16-3d9f-4d2c-809b-20d1b37db684:25498,4:96d33a16-3d9f-4d2c-809b-20d1b37db684:55182,1,5:96d33a16-3d9f-4d2c-809b-20d1b37db684:140628
supported_by_evidence,4:96d33a16-3d9f-4d2c-809b-20d1b37db684:25498,4:96d33a16-3d9f-4d2c-809b-20d1b37db684:43615,1,5:96d33a16-3d9f-4d2c-809b-20d1b37db684:140787
supported_by_evidence,4:96d33a16-3d9f-4d2c-809b-20d1b37db684:25498,4:96d33a16-3d9f-4d2c-809b-20d1b37db684:205,1,5:96d33a16-3d9f-4d2c-809b-20d1b37db684:140847
lab_test_has_indicator,4:96d33a16-3d9f-4d2c-809b-20d1b37db684:46967,4:96d33a16-3d9f-4d2c-809b-20d1b37db684:43676,2,5:96d33a16-3d9f-4d2c-809b-20d1b37db684:140850；5:96d33a16-3d9f-4d2c-809b-20d1b37db684:157641
supported_by_evidence,4:96d33a16-3d9f-4d2c-809b-20d1b37db684:36850,4:96d33a16-3d9f-4d2c-809b-20d1b37db684:43659,2,5:96d33a16-3d9f-4d2c-809b-20d1b37db684:140858；5:96d33a16-3d9f-4d2c-809b-20d1b37db684:157571
supported_by_evidence,4:96d33a16-3d9f-4d2c-809b-20d1b37db684:25498,4:96d33a16-3d9f-4d2c-809b-20d1b37db684:39431,1,5:96d33a16-3d9f-4d2c-809b-20d1b37db684:140867
supported_by_evidence,4:96d33a16-3d9f-4d2c-809b-20d1b37db684:46967,4:96d33a16-3d9f-4d2c-809b-20d1b37db684:43666,2,5:96d33a16-3d9f-4d2c-809b-20d1b37db684:140873；5:96d33a16-3d9f-4d2c-809b-20d1b37db684:157613
supported_by_evidence,4:96d33a16-3d9f-4d2c-809b-20d1b37db684:25498,4:96d33a16-3d9f-4d2c-809b-20d1b37db684:55193,1,5:96d33a16-3d9f-4d2c-809b-20d1b37db684:145379
supported_by_evidence,4:96d33a16-3d9f-4d2c-809b-20d1b37db684:25498,4:96d33a16-3d9f-4d2c-809b-20d1b37db684:55202,1,5:96d33a16-3d9f-4d2c-809b-20d1b37db684:145385
supported_by_evidence,4:96d33a16-3d9f-4d2c-809b-20d1b37db684:25498,4:96d33a16-3d9f-4d2c-809b-20d1b37db684:55228,1,5:96d33a16-3d9f-4d2c-809b-20d1b37db684:145400
supported_by_evidence,4:96d33a16-3d9f-4d2c-809b-20d1b37db684:25498,4:96d33a16-3d9f-4d2c-809b-20d1b37db684:55295,1,5:96d33a16-3d9f-4d2c-809b-20d1b37db684:145410
supported_by_evidence,4:96d33a16-3d9f-4d2c-809b-20d1b37db684:25498,4:96d33a16-3d9f-4d2c-809b-20d1b37db684:55330,1,5:96d33a16-3d9f-4d2c-809b-20d1b37db684:145418
supported_by_evidence,4:96d33a16-3d9f-4d2c-809b-20d1b37db684:25498,4:96d33a16-3d9f-4d2c-809b-20d1b37db684:55346,1,5:96d33a16-3d9f-4d2c-809b-20d1b37db684:145434
has_recommended_action,4:96d33a16-3d9f-4d2c-809b-20d1b37db684:44067,4:96d33a16-3d9f-4d2c-809b-20d1b37db684:56532,1,5:96d33a16-3d9f-4d2c-809b-20d1b37db684:145744
supported_by_evidence,4:96d33a16-3d9f-4d2c-809b-20d1b37db684:25498,4:96d33a16-3d9f-4d2c-809b-20d1b37db684:55646,1,5:96d33a16-3d9f-4d2c-809b-20d1b37db684:145833
has_recommended_action,4:96d33a16-3d9f-4d2c-809b-20d1b37db684:44211,4:96d33a16-3d9f-4d2c-809b-20d1b37db684:56532,1,5:96d33a16-3d9f-4d2c-809b-20d1b37db684:146027
supported_by_evidence,4:96d33a16-3d9f-4d2c-809b-20d1b37db684:25498,4:96d33a16-3d9f-4d2c-809b-20d1b37db684:56079,1,5:96d33a16-3d9f-4d2c-809b-20d1b37db684:146054
supported_by_evidence,4:96d33a16-3d9f-4d2c-809b-20d1b37db684:25498,4:96d33a16-3d9f-4d2c-809b-20d1b37db684:56024,1,5:96d33a16-3d9f-4d2c-809b-20d1b37db684:146062
has_recommended_action,4:96d33a16-3d9f-4d2c-809b-20d1b37db684:44251,4:96d33a16-3d9f-4d2c-809b-20d1b37db684:56532,1,5:96d33a16-3d9f-4d2c-809b-20d1b37db684:146120
has_recommended_action,4:96d33a16-3d9f-4d2c-809b-20d1b37db684:44594,4:96d33a16-3d9f-4d2c-809b-20d1b37db684:56532,2,5:96d33a16-3d9f-4d2c-809b-20d1b37db684:146722；5:96d33a16-3d9f-4d2c-809b-20d1b37db684:200744
supported_by_evidence,4:96d33a16-3d9f-4d2c-809b-20d1b37db684:25498,4:96d33a16-3d9f-4d2c-809b-20d1b37db684:55656,1,5:96d33a16-3d9f-4d2c-809b-20d1b37db684:147043
includes_procedure,4:96d33a16-3d9f-4d2c-809b-20d1b37db684:47031,4:96d33a16-3d9f-4d2c-809b-20d1b37db684:56532,2,5:96d33a16-3d9f-4d2c-809b-20d1b37db684:147393；5:96d33a16-3d9f-4d2c-809b-20d1b37db684:198283
includes_procedure,4:96d33a16-3d9f-4d2c-809b-20d1b37db684:47032,4:96d33a16-3d9f-4d2c-809b-20d1b37db684:56532,2,5:96d33a16-3d9f-4d2c-809b-20d1b37db684:147400；5:96d33a16-3d9f-4d2c-809b-20d1b37db684:198287
supported_by_evidence,4:96d33a16-3d9f-4d2c-809b-20d1b37db684:25498,4:96d33a16-3d9f-4d2c-809b-20d1b37db684:43373,1,5:96d33a16-3d9f-4d2c-809b-20d1b37db684:150341
supported_by_evidence,4:96d33a16-3d9f-4d2c-809b-20d1b37db684:25498,4:96d33a16-3d9f-4d2c-809b-20d1b37db684:43251,1,5:96d33a16-3d9f-4d2c-809b-20d1b37db684:150342
supported_by_evidence,4:96d33a16-3d9f-4d2c-809b-20d1b37db684:25498,4:96d33a16-3d9f-4d2c-809b-20d1b37db684:43263,1,5:96d33a16-3d9f-4d2c-809b-20d1b37db684:150343
supported_by_evidence,4:96d33a16-3d9f-4d2c-809b-20d1b37db684:25498,4:96d33a16-3d9f-4d2c-809b-20d1b37db684:54600,1,5:96d33a16-3d9f-4d2c-809b-20d1b37db684:150344
supported_by_evidence,4:96d33a16-3d9f-4d2c-809b-20d1b37db684:25498,4:96d33a16-3d9f-4d2c-809b-20d1b37db684:54663,1,5:96d33a16-3d9f-4d2c-809b-20d1b37db684:150345
supported_by_evidence,4:96d33a16-3d9f-4d2c-809b-20d1b37db684:25498,4:96d33a16-3d9f-4d2c-809b-20d1b37db684:54715,1,5:96d33a16-3d9f-4d2c-809b-20d1b37db684:150346
supported_by_evidence,4:96d33a16-3d9f-4d2c-809b-20d1b37db684:25498,4:96d33a16-3d9f-4d2c-809b-20d1b37db684:54721,1,5:96d33a16-3d9f-4d2c-809b-20d1b37db684:150347
supported_by_evidence,4:96d33a16-3d9f-4d2c-809b-20d1b37db684:25498,4:96d33a16-3d9f-4d2c-809b-20d1b37db684:54762,1,5:96d33a16-3d9f-4d2c-809b-20d1b37db684:150348
supported_by_evidence,4:96d33a16-3d9f-4d2c-809b-20d1b37db684:25498,4:96d33a16-3d9f-4d2c-809b-20d1b37db684:54766,1,5:96d33a16-3d9f-4d2c-809b-20d1b37db684:150349
supported_by_evidence,4:96d33a16-3d9f-4d2c-809b-20d1b37db684:25498,4:96d33a16-3d9f-4d2c-809b-20d1b37db684:54801,1,5:96d33a16-3d9f-4d2c-809b-20d1b37db684:150350
supported_by_evidence,4:96d33a16-3d9f-4d2c-809b-20d1b37db684:25498,4:96d33a16-3d9f-4d2c-809b-20d1b37db684:54808,1,5:96d33a16-3d9f-4d2c-809b-20d1b37db684:150351
requires_exam,4:96d33a16-3d9f-4d2c-809b-20d1b37db684:53081,4:96d33a16-3d9f-4d2c-809b-20d1b37db684:56530,1,5:96d33a16-3d9f-4d2c-809b-20d1b37db684:150741
requires_exam,4:96d33a16-3d9f-4d2c-809b-20d1b37db684:50572,4:96d33a16-3d9f-4d2c-809b-20d1b37db684:56530,1,5:96d33a16-3d9f-4d2c-809b-20d1b37db684:150743
requires_exam,4:96d33a16-3d9f-4d2c-809b-20d1b37db684:50571,4:96d33a16-3d9f-4d2c-809b-20d1b37db684:56530,1,5:96d33a16-3d9f-4d2c-809b-20d1b37db684:150744
requires_exam,4:96d33a16-3d9f-4d2c-809b-20d1b37db684:47916,4:96d33a16-3d9f-4d2c-809b-20d1b37db684:56530,1,5:96d33a16-3d9f-4d2c-809b-20d1b37db684:150745
requires_exam,4:96d33a16-3d9f-4d2c-809b-20d1b37db684:47910,4:96d33a16-3d9f-4d2c-809b-20d1b37db684:56530,1,5:96d33a16-3d9f-4d2c-809b-20d1b37db684:150746
requires_exam,4:96d33a16-3d9f-4d2c-809b-20d1b37db684:47911,4:96d33a16-3d9f-4d2c-809b-20d1b37db684:56530,1,5:96d33a16-3d9f-4d2c-809b-20d1b37db684:150747
has_recommended_action,4:96d33a16-3d9f-4d2c-809b-20d1b37db684:52877,4:96d33a16-3d9f-4d2c-809b-20d1b37db684:56530,1,5:96d33a16-3d9f-4d2c-809b-20d1b37db684:150748
has_recommended_action,4:96d33a16-3d9f-4d2c-809b-20d1b37db684:52855,4:96d33a16-3d9f-4d2c-809b-20d1b37db684:56530,1,5:96d33a16-3d9f-4d2c-809b-20d1b37db684:150749
has_recommended_action,4:96d33a16-3d9f-4d2c-809b-20d1b37db684:52811,4:96d33a16-3d9f-4d2c-809b-20d1b37db684:56530,1,5:96d33a16-3d9f-4d2c-809b-20d1b37db684:150750
has_recommended_action,4:96d33a16-3d9f-4d2c-809b-20d1b37db684:52806,4:96d33a16-3d9f-4d2c-809b-20d1b37db684:56530,1,5:96d33a16-3d9f-4d2c-809b-20d1b37db684:150751
has_recommended_action,4:96d33a16-3d9f-4d2c-809b-20d1b37db684:52780,4:96d33a16-3d9f-4d2c-809b-20d1b37db684:56530,1,5:96d33a16-3d9f-4d2c-809b-20d1b37db684:150752
has_recommended_action,4:96d33a16-3d9f-4d2c-809b-20d1b37db684:52766,4:96d33a16-3d9f-4d2c-809b-20d1b37db684:56530,1,5:96d33a16-3d9f-4d2c-809b-20d1b37db684:150753
has_recommended_action,4:96d33a16-3d9f-4d2c-809b-20d1b37db684:50078,4:96d33a16-3d9f-4d2c-809b-20d1b37db684:56530,1,5:96d33a16-3d9f-4d2c-809b-20d1b37db684:150754
has_recommended_action,4:96d33a16-3d9f-4d2c-809b-20d1b37db684:47615,4:96d33a16-3d9f-4d2c-809b-20d1b37db684:56530,1,5:96d33a16-3d9f-4d2c-809b-20d1b37db684:150755
has_recommended_action,4:96d33a16-3d9f-4d2c-809b-20d1b37db684:47512,4:96d33a16-3d9f-4d2c-809b-20d1b37db684:56530,1,5:96d33a16-3d9f-4d2c-809b-20d1b37db684:150756
has_recommended_action,4:96d33a16-3d9f-4d2c-809b-20d1b37db684:47157,4:96d33a16-3d9f-4d2c-809b-20d1b37db684:56530,1,5:96d33a16-3d9f-4d2c-809b-20d1b37db684:150757
supported_by_evidence,4:96d33a16-3d9f-4d2c-809b-20d1b37db684:36850,4:96d33a16-3d9f-4d2c-809b-20d1b37db684:44973,2,5:96d33a16-3d9f-4d2c-809b-20d1b37db684:146581；5:96d33a16-3d9f-4d2c-809b-20d1b37db684:150972
supported_by_evidence,4:96d33a16-3d9f-4d2c-809b-20d1b37db684:36850,4:96d33a16-3d9f-4d2c-809b-20d1b37db684:44974,2,5:96d33a16-3d9f-4d2c-809b-20d1b37db684:150973；5:96d33a16-3d9f-4d2c-809b-20d1b37db684:157027
supported_by_evidence,4:96d33a16-3d9f-4d2c-809b-20d1b37db684:36850,4:96d33a16-3d9f-4d2c-809b-20d1b37db684:45000,2,5:96d33a16-3d9f-4d2c-809b-20d1b37db684:150974；5:96d33a16-3d9f-4d2c-809b-20d1b37db684:157193
supported_by_evidence,4:96d33a16-3d9f-4d2c-809b-20d1b37db684:36850,4:96d33a16-3d9f-4d2c-809b-20d1b37db684:45001,2,5:96d33a16-3d9f-4d2c-809b-20d1b37db684:150975；5:96d33a16-3d9f-4d2c-809b-20d1b37db684:157086
supported_by_evidence,4:96d33a16-3d9f-4d2c-809b-20d1b37db684:36850,4:96d33a16-3d9f-4d2c-809b-20d1b37db684:45002,2,5:96d33a16-3d9f-4d2c-809b-20d1b37db684:150976；5:96d33a16-3d9f-4d2c-809b-20d1b37db684:156836
supported_by_evidence,4:96d33a16-3d9f-4d2c-809b-20d1b37db684:36850,4:96d33a16-3d9f-4d2c-809b-20d1b37db684:45120,2,5:96d33a16-3d9f-4d2c-809b-20d1b37db684:150977；5:96d33a16-3d9f-4d2c-809b-20d1b37db684:157115
supported_by_evidence,4:96d33a16-3d9f-4d2c-809b-20d1b37db684:36850,4:96d33a16-3d9f-4d2c-809b-20d1b37db684:45150,2,5:96d33a16-3d9f-4d2c-809b-20d1b37db684:150978；5:96d33a16-3d9f-4d2c-809b-20d1b37db684:157244
supported_by_evidence,4:96d33a16-3d9f-4d2c-809b-20d1b37db684:36850,4:96d33a16-3d9f-4d2c-809b-20d1b37db684:45247,2,5:96d33a16-3d9f-4d2c-809b-20d1b37db684:150979；5:96d33a16-3d9f-4d2c-809b-20d1b37db684:156944
supported_by_evidence,4:96d33a16-3d9f-4d2c-809b-20d1b37db684:36850,4:96d33a16-3d9f-4d2c-809b-20d1b37db684:45288,2,5:96d33a16-3d9f-4d2c-809b-20d1b37db684:150980；5:96d33a16-3d9f-4d2c-809b-20d1b37db684:156854
supported_by_evidence,4:96d33a16-3d9f-4d2c-809b-20d1b37db684:36850,4:96d33a16-3d9f-4d2c-809b-20d1b37db684:45344,2,5:96d33a16-3d9f-4d2c-809b-20d1b37db684:150981；5:96d33a16-3d9f-4d2c-809b-20d1b37db684:157037
supported_by_evidence,4:96d33a16-3d9f-4d2c-809b-20d1b37db684:36850,4:96d33a16-3d9f-4d2c-809b-20d1b37db684:45345,2,5:96d33a16-3d9f-4d2c-809b-20d1b37db684:150982；5:96d33a16-3d9f-4d2c-809b-20d1b37db684:157074
supported_by_evidence,4:96d33a16-3d9f-4d2c-809b-20d1b37db684:36850,4:96d33a16-3d9f-4d2c-809b-20d1b37db684:45346,2,5:96d33a16-3d9f-4d2c-809b-20d1b37db684:150983；5:96d33a16-3d9f-4d2c-809b-20d1b37db684:156893
supported_by_evidence,4:96d33a16-3d9f-4d2c-809b-20d1b37db684:36850,4:96d33a16-3d9f-4d2c-809b-20d1b37db684:45347,2,5:96d33a16-3d9f-4d2c-809b-20d1b37db684:150984；5:96d33a16-3d9f-4d2c-809b-20d1b37db684:156875
supported_by_evidence,4:96d33a16-3d9f-4d2c-809b-20d1b37db684:36850,4:96d33a16-3d9f-4d2c-809b-20d1b37db684:45354,2,5:96d33a16-3d9f-4d2c-809b-20d1b37db684:150985；5:96d33a16-3d9f-4d2c-809b-20d1b37db684:156773
supported_by_evidence,4:96d33a16-3d9f-4d2c-809b-20d1b37db684:36850,4:96d33a16-3d9f-4d2c-809b-20d1b37db684:45460,2,5:96d33a16-3d9f-4d2c-809b-20d1b37db684:150986；5:96d33a16-3d9f-4d2c-809b-20d1b37db684:157272
supported_by_evidence,4:96d33a16-3d9f-4d2c-809b-20d1b37db684:36850,4:96d33a16-3d9f-4d2c-809b-20d1b37db684:45517,2,5:96d33a16-3d9f-4d2c-809b-20d1b37db684:150987；5:96d33a16-3d9f-4d2c-809b-20d1b37db684:157237
supported_by_evidence,4:96d33a16-3d9f-4d2c-809b-20d1b37db684:36850,4:96d33a16-3d9f-4d2c-809b-20d1b37db684:45569,2,5:96d33a16-3d9f-4d2c-809b-20d1b37db684:150988；5:96d33a16-3d9f-4d2c-809b-20d1b37db684:157092
supported_by_evidence,4:96d33a16-3d9f-4d2c-809b-20d1b37db684:36850,4:96d33a16-3d9f-4d2c-809b-20d1b37db684:45935,2,5:96d33a16-3d9f-4d2c-809b-20d1b37db684:150989；5:96d33a16-3d9f-4d2c-809b-20d1b37db684:157145
supported_by_evidence,4:96d33a16-3d9f-4d2c-809b-20d1b37db684:36850,4:96d33a16-3d9f-4d2c-809b-20d1b37db684:46003,2,5:96d33a16-3d9f-4d2c-809b-20d1b37db684:150990；5:96d33a16-3d9f-4d2c-809b-20d1b37db684:157233
supported_by_evidence,4:96d33a16-3d9f-4d2c-809b-20d1b37db684:36850,4:96d33a16-3d9f-4d2c-809b-20d1b37db684:46004,2,5:96d33a16-3d9f-4d2c-809b-20d1b37db684:150991；5:96d33a16-3d9f-4d2c-809b-20d1b37db684:156833
supported_by_evidence,4:96d33a16-3d9f-4d2c-809b-20d1b37db684:36850,4:96d33a16-3d9f-4d2c-809b-20d1b37db684:46023,2,5:96d33a16-3d9f-4d2c-809b-20d1b37db684:150992；5:96d33a16-3d9f-4d2c-809b-20d1b37db684:157285
supported_by_evidence,4:96d33a16-3d9f-4d2c-809b-20d1b37db684:36850,4:96d33a16-3d9f-4d2c-809b-20d1b37db684:46047,2,5:96d33a16-3d9f-4d2c-809b-20d1b37db684:150993；5:96d33a16-3d9f-4d2c-809b-20d1b37db684:157155
supported_by_evidence,4:96d33a16-3d9f-4d2c-809b-20d1b37db684:36850,4:96d33a16-3d9f-4d2c-809b-20d1b37db684:46314,2,5:96d33a16-3d9f-4d2c-809b-20d1b37db684:150994；5:96d33a16-3d9f-4d2c-809b-20d1b37db684:157065
supported_by_evidence,4:96d33a16-3d9f-4d2c-809b-20d1b37db684:36850,4:96d33a16-3d9f-4d2c-809b-20d1b37db684:46378,2,5:96d33a16-3d9f-4d2c-809b-20d1b37db684:150995；5:96d33a16-3d9f-4d2c-809b-20d1b37db684:156710
supported_by_evidence,4:96d33a16-3d9f-4d2c-809b-20d1b37db684:36850,4:96d33a16-3d9f-4d2c-809b-20d1b37db684:46510,2,5:96d33a16-3d9f-4d2c-809b-20d1b37db684:150996；5:96d33a16-3d9f-4d2c-809b-20d1b37db684:157051
supported_by_evidence,4:96d33a16-3d9f-4d2c-809b-20d1b37db684:36850,4:96d33a16-3d9f-4d2c-809b-20d1b37db684:46511,2,5:96d33a16-3d9f-4d2c-809b-20d1b37db684:150997；5:96d33a16-3d9f-4d2c-809b-20d1b37db684:156802
supported_by_evidence,4:96d33a16-3d9f-4d2c-809b-20d1b37db684:36850,4:96d33a16-3d9f-4d2c-809b-20d1b37db684:46572,2,5:96d33a16-3d9f-4d2c-809b-20d1b37db684:150998；5:96d33a16-3d9f-4d2c-809b-20d1b37db684:156880
supported_by_evidence,4:96d33a16-3d9f-4d2c-809b-20d1b37db684:36850,4:96d33a16-3d9f-4d2c-809b-20d1b37db684:46655,2,5:96d33a16-3d9f-4d2c-809b-20d1b37db684:150999；5:96d33a16-3d9f-4d2c-809b-20d1b37db684:156670
supported_by_evidence,4:96d33a16-3d9f-4d2c-809b-20d1b37db684:36850,4:96d33a16-3d9f-4d2c-809b-20d1b37db684:46708,2,5:96d33a16-3d9f-4d2c-809b-20d1b37db684:151000；5:96d33a16-3d9f-4d2c-809b-20d1b37db684:156969
supported_by_evidence,4:96d33a16-3d9f-4d2c-809b-20d1b37db684:36850,4:96d33a16-3d9f-4d2c-809b-20d1b37db684:46709,2,5:96d33a16-3d9f-4d2c-809b-20d1b37db684:151001；5:96d33a16-3d9f-4d2c-809b-20d1b37db684:157303
supported_by_evidence,4:96d33a16-3d9f-4d2c-809b-20d1b37db684:36850,4:96d33a16-3d9f-4d2c-809b-20d1b37db684:46710,2,5:96d33a16-3d9f-4d2c-809b-20d1b37db684:151002；5:96d33a16-3d9f-4d2c-809b-20d1b37db684:157310
supported_by_evidence,4:96d33a16-3d9f-4d2c-809b-20d1b37db684:36850,4:96d33a16-3d9f-4d2c-809b-20d1b37db684:46741,2,5:96d33a16-3d9f-4d2c-809b-20d1b37db684:151003；5:96d33a16-3d9f-4d2c-809b-20d1b37db684:157151
supported_by_evidence,4:96d33a16-3d9f-4d2c-809b-20d1b37db684:36850,4:96d33a16-3d9f-4d2c-809b-20d1b37db684:46758,2,5:96d33a16-3d9f-4d2c-809b-20d1b37db684:151004；5:96d33a16-3d9f-4d2c-809b-20d1b37db684:156852
supported_by_evidence,4:96d33a16-3d9f-4d2c-809b-20d1b37db684:36850,4:96d33a16-3d9f-4d2c-809b-20d1b37db684:46759,2,5:96d33a16-3d9f-4d2c-809b-20d1b37db684:151005；5:96d33a16-3d9f-4d2c-809b-20d1b37db684:156700
supported_by_evidence,4:96d33a16-3d9f-4d2c-809b-20d1b37db684:25696,4:96d33a16-3d9f-4d2c-809b-20d1b37db684:44949,2,5:96d33a16-3d9f-4d2c-809b-20d1b37db684:151555；5:96d33a16-3d9f-4d2c-809b-20d1b37db684:154673
supported_by_evidence,4:96d33a16-3d9f-4d2c-809b-20d1b37db684:25696,4:96d33a16-3d9f-4d2c-809b-20d1b37db684:44950,2,5:96d33a16-3d9f-4d2c-809b-20d1b37db684:151556；5:96d33a16-3d9f-4d2c-809b-20d1b37db684:154701
supported_by_evidence,4:96d33a16-3d9f-4d2c-809b-20d1b37db684:25696,4:96d33a16-3d9f-4d2c-809b-20d1b37db684:44951,2,5:96d33a16-3d9f-4d2c-809b-20d1b37db684:151557；5:96d33a16-3d9f-4d2c-809b-20d1b37db684:154712
supported_by_evidence,4:96d33a16-3d9f-4d2c-809b-20d1b37db684:25696,4:96d33a16-3d9f-4d2c-809b-20d1b37db684:44952,2,5:96d33a16-3d9f-4d2c-809b-20d1b37db684:151558；5:96d33a16-3d9f-4d2c-809b-20d1b37db684:154693
supported_by_evidence,4:96d33a16-3d9f-4d2c-809b-20d1b37db684:25696,4:96d33a16-3d9f-4d2c-809b-20d1b37db684:44953,2,5:96d33a16-3d9f-4d2c-809b-20d1b37db684:151559；5:96d33a16-3d9f-4d2c-809b-20d1b37db684:154721
supported_by_evidence,4:96d33a16-3d9f-4d2c-809b-20d1b37db684:25696,4:96d33a16-3d9f-4d2c-809b-20d1b37db684:44954,2,5:96d33a16-3d9f-4d2c-809b-20d1b37db684:151560；5:96d33a16-3d9f-4d2c-809b-20d1b37db684:154684
supported_by_evidence,4:96d33a16-3d9f-4d2c-809b-20d1b37db684:25696,4:96d33a16-3d9f-4d2c-809b-20d1b37db684:44966,2,5:96d33a16-3d9f-4d2c-809b-20d1b37db684:151561；5:96d33a16-3d9f-4d2c-809b-20d1b37db684:154696
supported_by_evidence,4:96d33a16-3d9f-4d2c-809b-20d1b37db684:25696,4:96d33a16-3d9f-4d2c-809b-20d1b37db684:44989,2,5:96d33a16-3d9f-4d2c-809b-20d1b37db684:151562；5:96d33a16-3d9f-4d2c-809b-20d1b37db684:154716
supported_by_evidence,4:96d33a16-3d9f-4d2c-809b-20d1b37db684:25696,4:96d33a16-3d9f-4d2c-809b-20d1b37db684:44990,2,5:96d33a16-3d9f-4d2c-809b-20d1b37db684:151563；5:96d33a16-3d9f-4d2c-809b-20d1b37db684:154670
supported_by_evidence,4:96d33a16-3d9f-4d2c-809b-20d1b37db684:25696,4:96d33a16-3d9f-4d2c-809b-20d1b37db684:44998,2,5:96d33a16-3d9f-4d2c-809b-20d1b37db684:151564；5:96d33a16-3d9f-4d2c-809b-20d1b37db684:154703
supported_by_evidence,4:96d33a16-3d9f-4d2c-809b-20d1b37db684:25696,4:96d33a16-3d9f-4d2c-809b-20d1b37db684:45018,2,5:96d33a16-3d9f-4d2c-809b-20d1b37db684:151565；5:96d33a16-3d9f-4d2c-809b-20d1b37db684:154678
supported_by_evidence,4:96d33a16-3d9f-4d2c-809b-20d1b37db684:25696,4:96d33a16-3d9f-4d2c-809b-20d1b37db684:45019,2,5:96d33a16-3d9f-4d2c-809b-20d1b37db684:151566；5:96d33a16-3d9f-4d2c-809b-20d1b37db684:154686
supported_by_evidence,4:96d33a16-3d9f-4d2c-809b-20d1b37db684:25696,4:96d33a16-3d9f-4d2c-809b-20d1b37db684:45033,2,5:96d33a16-3d9f-4d2c-809b-20d1b37db684:151567；5:96d33a16-3d9f-4d2c-809b-20d1b37db684:154687
supported_by_evidence,4:96d33a16-3d9f-4d2c-809b-20d1b37db684:25696,4:96d33a16-3d9f-4d2c-809b-20d1b37db684:45034,2,5:96d33a16-3d9f-4d2c-809b-20d1b37db684:151568；5:96d33a16-3d9f-4d2c-809b-20d1b37db684:154699
supported_by_evidence,4:96d33a16-3d9f-4d2c-809b-20d1b37db684:25696,4:96d33a16-3d9f-4d2c-809b-20d1b37db684:45035,2,5:96d33a16-3d9f-4d2c-809b-20d1b37db684:151569；5:96d33a16-3d9f-4d2c-809b-20d1b37db684:154657
supported_by_evidence,4:96d33a16-3d9f-4d2c-809b-20d1b37db684:25696,4:96d33a16-3d9f-4d2c-809b-20d1b37db684:45067,2,5:96d33a16-3d9f-4d2c-809b-20d1b37db684:151570；5:96d33a16-3d9f-4d2c-809b-20d1b37db684:154711
supported_by_evidence,4:96d33a16-3d9f-4d2c-809b-20d1b37db684:25696,4:96d33a16-3d9f-4d2c-809b-20d1b37db684:45079,2,5:96d33a16-3d9f-4d2c-809b-20d1b37db684:151571；5:96d33a16-3d9f-4d2c-809b-20d1b37db684:154722
supported_by_evidence,4:96d33a16-3d9f-4d2c-809b-20d1b37db684:25696,4:96d33a16-3d9f-4d2c-809b-20d1b37db684:45080,2,5:96d33a16-3d9f-4d2c-809b-20d1b37db684:151572；5:96d33a16-3d9f-4d2c-809b-20d1b37db684:154718
supported_by_evidence,4:96d33a16-3d9f-4d2c-809b-20d1b37db684:25696,4:96d33a16-3d9f-4d2c-809b-20d1b37db684:45081,2,5:96d33a16-3d9f-4d2c-809b-20d1b37db684:151573；5:96d33a16-3d9f-4d2c-809b-20d1b37db684:154667
supported_by_evidence,4:96d33a16-3d9f-4d2c-809b-20d1b37db684:25696,4:96d33a16-3d9f-4d2c-809b-20d1b37db684:45082,2,5:96d33a16-3d9f-4d2c-809b-20d1b37db684:151574；5:96d33a16-3d9f-4d2c-809b-20d1b37db684:154709
supported_by_evidence,4:96d33a16-3d9f-4d2c-809b-20d1b37db684:25696,4:96d33a16-3d9f-4d2c-809b-20d1b37db684:45083,2,5:96d33a16-3d9f-4d2c-809b-20d1b37db684:151575；5:96d33a16-3d9f-4d2c-809b-20d1b37db684:154695
supported_by_evidence,4:96d33a16-3d9f-4d2c-809b-20d1b37db684:25696,4:96d33a16-3d9f-4d2c-809b-20d1b37db684:45147,2,5:96d33a16-3d9f-4d2c-809b-20d1b37db684:151576；5:96d33a16-3d9f-4d2c-809b-20d1b37db684:154435
supported_by_evidence,4:96d33a16-3d9f-4d2c-809b-20d1b37db684:25696,4:96d33a16-3d9f-4d2c-809b-20d1b37db684:45160,2,5:96d33a16-3d9f-4d2c-809b-20d1b37db684:151577；5:96d33a16-3d9f-4d2c-809b-20d1b37db684:154658
supported_by_evidence,4:96d33a16-3d9f-4d2c-809b-20d1b37db684:25696,4:96d33a16-3d9f-4d2c-809b-20d1b37db684:45178,2,5:96d33a16-3d9f-4d2c-809b-20d1b37db684:151578；5:96d33a16-3d9f-4d2c-809b-20d1b37db684:154691
supported_by_evidence,4:96d33a16-3d9f-4d2c-809b-20d1b37db684:25696,4:96d33a16-3d9f-4d2c-809b-20d1b37db684:45224,2,5:96d33a16-3d9f-4d2c-809b-20d1b37db684:151579；5:96d33a16-3d9f-4d2c-809b-20d1b37db684:154681
supported_by_evidence,4:96d33a16-3d9f-4d2c-809b-20d1b37db684:25696,4:96d33a16-3d9f-4d2c-809b-20d1b37db684:45227,2,5:96d33a16-3d9f-4d2c-809b-20d1b37db684:151580；5:96d33a16-3d9f-4d2c-809b-20d1b37db684:154717
supported_by_evidence,4:96d33a16-3d9f-4d2c-809b-20d1b37db684:25696,4:96d33a16-3d9f-4d2c-809b-20d1b37db684:45256,2,5:96d33a16-3d9f-4d2c-809b-20d1b37db684:151581；5:96d33a16-3d9f-4d2c-809b-20d1b37db684:154679
supported_by_evidence,4:96d33a16-3d9f-4d2c-809b-20d1b37db684:25696,4:96d33a16-3d9f-4d2c-809b-20d1b37db684:45257,2,5:96d33a16-3d9f-4d2c-809b-20d1b37db684:151582；5:96d33a16-3d9f-4d2c-809b-20d1b37db684:154680
supported_by_evidence,4:96d33a16-3d9f-4d2c-809b-20d1b37db684:25696,4:96d33a16-3d9f-4d2c-809b-20d1b37db684:45268,2,5:96d33a16-3d9f-4d2c-809b-20d1b37db684:151583；5:96d33a16-3d9f-4d2c-809b-20d1b37db684:154677
supported_by_evidence,4:96d33a16-3d9f-4d2c-809b-20d1b37db684:25696,4:96d33a16-3d9f-4d2c-809b-20d1b37db684:45298,2,5:96d33a16-3d9f-4d2c-809b-20d1b37db684:151584；5:96d33a16-3d9f-4d2c-809b-20d1b37db684:154685
supported_by_evidence,4:96d33a16-3d9f-4d2c-809b-20d1b37db684:25696,4:96d33a16-3d9f-4d2c-809b-20d1b37db684:45299,2,5:96d33a16-3d9f-4d2c-809b-20d1b37db684:151585；5:96d33a16-3d9f-4d2c-809b-20d1b37db684:154715
supported_by_evidence,4:96d33a16-3d9f-4d2c-809b-20d1b37db684:25696,4:96d33a16-3d9f-4d2c-809b-20d1b37db684:45334,2,5:96d33a16-3d9f-4d2c-809b-20d1b37db684:151586；5:96d33a16-3d9f-4d2c-809b-20d1b37db684:154668
supported_by_evidence,4:96d33a16-3d9f-4d2c-809b-20d1b37db684:25696,4:96d33a16-3d9f-4d2c-809b-20d1b37db684:45339,2,5:96d33a16-3d9f-4d2c-809b-20d1b37db684:151587；5:96d33a16-3d9f-4d2c-809b-20d1b37db684:154666
supported_by_evidence,4:96d33a16-3d9f-4d2c-809b-20d1b37db684:25696,4:96d33a16-3d9f-4d2c-809b-20d1b37db684:45344,2,5:96d33a16-3d9f-4d2c-809b-20d1b37db684:151588；5:96d33a16-3d9f-4d2c-809b-20d1b37db684:154705
supported_by_evidence,4:96d33a16-3d9f-4d2c-809b-20d1b37db684:25696,4:96d33a16-3d9f-4d2c-809b-20d1b37db684:45345,2,5:96d33a16-3d9f-4d2c-809b-20d1b37db684:151589；5:96d33a16-3d9f-4d2c-809b-20d1b37db684:154690
supported_by_evidence,4:96d33a16-3d9f-4d2c-809b-20d1b37db684:25696,4:96d33a16-3d9f-4d2c-809b-20d1b37db684:45346,2,5:96d33a16-3d9f-4d2c-809b-20d1b37db684:151590；5:96d33a16-3d9f-4d2c-809b-20d1b37db684:154660
supported_by_evidence,4:96d33a16-3d9f-4d2c-809b-20d1b37db684:25696,4:96d33a16-3d9f-4d2c-809b-20d1b37db684:45347,2,5:96d33a16-3d9f-4d2c-809b-20d1b37db684:151591；5:96d33a16-3d9f-4d2c-809b-20d1b37db684:154664
supported_by_evidence,4:96d33a16-3d9f-4d2c-809b-20d1b37db684:25696,4:96d33a16-3d9f-4d2c-809b-20d1b37db684:45354,2,5:96d33a16-3d9f-4d2c-809b-20d1b37db684:151592；5:96d33a16-3d9f-4d2c-809b-20d1b37db684:154704
supported_by_evidence,4:96d33a16-3d9f-4d2c-809b-20d1b37db684:25696,4:96d33a16-3d9f-4d2c-809b-20d1b37db684:45365,2,5:96d33a16-3d9f-4d2c-809b-20d1b37db684:151593；5:96d33a16-3d9f-4d2c-809b-20d1b37db684:154697
supported_by_evidence,4:96d33a16-3d9f-4d2c-809b-20d1b37db684:25696,4:96d33a16-3d9f-4d2c-809b-20d1b37db684:45366,2,5:96d33a16-3d9f-4d2c-809b-20d1b37db684:151594；5:96d33a16-3d9f-4d2c-809b-20d1b37db684:154700
supported_by_evidence,4:96d33a16-3d9f-4d2c-809b-20d1b37db684:25696,4:96d33a16-3d9f-4d2c-809b-20d1b37db684:45367,2,5:96d33a16-3d9f-4d2c-809b-20d1b37db684:151595；5:96d33a16-3d9f-4d2c-809b-20d1b37db684:154676
supported_by_evidence,4:96d33a16-3d9f-4d2c-809b-20d1b37db684:25696,4:96d33a16-3d9f-4d2c-809b-20d1b37db684:45401,2,5:96d33a16-3d9f-4d2c-809b-20d1b37db684:151596；5:96d33a16-3d9f-4d2c-809b-20d1b37db684:154665
supported_by_evidence,4:96d33a16-3d9f-4d2c-809b-20d1b37db684:25696,4:96d33a16-3d9f-4d2c-809b-20d1b37db684:45433,2,5:96d33a16-3d9f-4d2c-809b-20d1b37db684:151597；5:96d33a16-3d9f-4d2c-809b-20d1b37db684:154719
supported_by_evidence,4:96d33a16-3d9f-4d2c-809b-20d1b37db684:25696,4:96d33a16-3d9f-4d2c-809b-20d1b37db684:45460,2,5:96d33a16-3d9f-4d2c-809b-20d1b37db684:151598；5:96d33a16-3d9f-4d2c-809b-20d1b37db684:154655
supported_by_evidence,4:96d33a16-3d9f-4d2c-809b-20d1b37db684:25696,4:96d33a16-3d9f-4d2c-809b-20d1b37db684:45486,2,5:96d33a16-3d9f-4d2c-809b-20d1b37db684:151599；5:96d33a16-3d9f-4d2c-809b-20d1b37db684:154581
supported_by_evidence,4:96d33a16-3d9f-4d2c-809b-20d1b37db684:25696,4:96d33a16-3d9f-4d2c-809b-20d1b37db684:45502,2,5:96d33a16-3d9f-4d2c-809b-20d1b37db684:151600；5:96d33a16-3d9f-4d2c-809b-20d1b37db684:154436
supported_by_evidence,4:96d33a16-3d9f-4d2c-809b-20d1b37db684:25696,4:96d33a16-3d9f-4d2c-809b-20d1b37db684:45503,2,5:96d33a16-3d9f-4d2c-809b-20d1b37db684:151601；5:96d33a16-3d9f-4d2c-809b-20d1b37db684:154525
supported_by_evidence,4:96d33a16-3d9f-4d2c-809b-20d1b37db684:25696,4:96d33a16-3d9f-4d2c-809b-20d1b37db684:45506,2,5:96d33a16-3d9f-4d2c-809b-20d1b37db684:151602；5:96d33a16-3d9f-4d2c-809b-20d1b37db684:154507
supported_by_evidence,4:96d33a16-3d9f-4d2c-809b-20d1b37db684:25696,4:96d33a16-3d9f-4d2c-809b-20d1b37db684:45520,2,5:96d33a16-3d9f-4d2c-809b-20d1b37db684:151603；5:96d33a16-3d9f-4d2c-809b-20d1b37db684:154455
supported_by_evidence,4:96d33a16-3d9f-4d2c-809b-20d1b37db684:25696,4:96d33a16-3d9f-4d2c-809b-20d1b37db684:45521,2,5:96d33a16-3d9f-4d2c-809b-20d1b37db684:151604；5:96d33a16-3d9f-4d2c-809b-20d1b37db684:154485
supported_by_evidence,4:96d33a16-3d9f-4d2c-809b-20d1b37db684:25696,4:96d33a16-3d9f-4d2c-809b-20d1b37db684:45522,2,5:96d33a16-3d9f-4d2c-809b-20d1b37db684:151605；5:96d33a16-3d9f-4d2c-809b-20d1b37db684:154598
supported_by_evidence,4:96d33a16-3d9f-4d2c-809b-20d1b37db684:25696,4:96d33a16-3d9f-4d2c-809b-20d1b37db684:45523,2,5:96d33a16-3d9f-4d2c-809b-20d1b37db684:151606；5:96d33a16-3d9f-4d2c-809b-20d1b37db684:154589
supported_by_evidence,4:96d33a16-3d9f-4d2c-809b-20d1b37db684:25696,4:96d33a16-3d9f-4d2c-809b-20d1b37db684:45524,2,5:96d33a16-3d9f-4d2c-809b-20d1b37db684:151607；5:96d33a16-3d9f-4d2c-809b-20d1b37db684:154575
supported_by_evidence,4:96d33a16-3d9f-4d2c-809b-20d1b37db684:25696,4:96d33a16-3d9f-4d2c-809b-20d1b37db684:45525,2,5:96d33a16-3d9f-4d2c-809b-20d1b37db684:151608；5:96d33a16-3d9f-4d2c-809b-20d1b37db684:154542
supported_by_evidence,4:96d33a16-3d9f-4d2c-809b-20d1b37db684:25696,4:96d33a16-3d9f-4d2c-809b-20d1b37db684:45542,2,5:96d33a16-3d9f-4d2c-809b-20d1b37db684:151609；5:96d33a16-3d9f-4d2c-809b-20d1b37db684:154617
supported_by_evidence,4:96d33a16-3d9f-4d2c-809b-20d1b37db684:25696,4:96d33a16-3d9f-4d2c-809b-20d1b37db684:45544,2,5:96d33a16-3d9f-4d2c-809b-20d1b37db684:151610；5:96d33a16-3d9f-4d2c-809b-20d1b37db684:154578
supported_by_evidence,4:96d33a16-3d9f-4d2c-809b-20d1b37db684:25696,4:96d33a16-3d9f-4d2c-809b-20d1b37db684:45569,2,5:96d33a16-3d9f-4d2c-809b-20d1b37db684:151611；5:96d33a16-3d9f-4d2c-809b-20d1b37db684:154654
supported_by_evidence,4:96d33a16-3d9f-4d2c-809b-20d1b37db684:25696,4:96d33a16-3d9f-4d2c-809b-20d1b37db684:45589,2,5:96d33a16-3d9f-4d2c-809b-20d1b37db684:151612；5:96d33a16-3d9f-4d2c-809b-20d1b37db684:154442
supported_by_evidence,4:96d33a16-3d9f-4d2c-809b-20d1b37db684:25696,4:96d33a16-3d9f-4d2c-809b-20d1b37db684:45590,2,5:96d33a16-3d9f-4d2c-809b-20d1b37db684:151613；5:96d33a16-3d9f-4d2c-809b-20d1b37db684:154480
supported_by_evidence,4:96d33a16-3d9f-4d2c-809b-20d1b37db684:25696,4:96d33a16-3d9f-4d2c-809b-20d1b37db684:45611,2,5:96d33a16-3d9f-4d2c-809b-20d1b37db684:151614；5:96d33a16-3d9f-4d2c-809b-20d1b37db684:154509
supported_by_evidence,4:96d33a16-3d9f-4d2c-809b-20d1b37db684:25696,4:96d33a16-3d9f-4d2c-809b-20d1b37db684:45612,2,5:96d33a16-3d9f-4d2c-809b-20d1b37db684:151615；5:96d33a16-3d9f-4d2c-809b-20d1b37db684:154595
supported_by_evidence,4:96d33a16-3d9f-4d2c-809b-20d1b37db684:25696,4:96d33a16-3d9f-4d2c-809b-20d1b37db684:45627,2,5:96d33a16-3d9f-4d2c-809b-20d1b37db684:151616；5:96d33a16-3d9f-4d2c-809b-20d1b37db684:154616
supported_by_evidence,4:96d33a16-3d9f-4d2c-809b-20d1b37db684:25696,4:96d33a16-3d9f-4d2c-809b-20d1b37db684:45675,2,5:96d33a16-3d9f-4d2c-809b-20d1b37db684:151617；5:96d33a16-3d9f-4d2c-809b-20d1b37db684:154497
supported_by_evidence,4:96d33a16-3d9f-4d2c-809b-20d1b37db684:25696,4:96d33a16-3d9f-4d2c-809b-20d1b37db684:45676,2,5:96d33a16-3d9f-4d2c-809b-20d1b37db684:151618；5:96d33a16-3d9f-4d2c-809b-20d1b37db684:154634
supported_by_evidence,4:96d33a16-3d9f-4d2c-809b-20d1b37db684:25696,4:96d33a16-3d9f-4d2c-809b-20d1b37db684:45677,2,5:96d33a16-3d9f-4d2c-809b-20d1b37db684:151619；5:96d33a16-3d9f-4d2c-809b-20d1b37db684:154603
supported_by_evidence,4:96d33a16-3d9f-4d2c-809b-20d1b37db684:25696,4:96d33a16-3d9f-4d2c-809b-20d1b37db684:45678,2,5:96d33a16-3d9f-4d2c-809b-20d1b37db684:151620；5:96d33a16-3d9f-4d2c-809b-20d1b37db684:154605
supported_by_evidence,4:96d33a16-3d9f-4d2c-809b-20d1b37db684:25696,4:96d33a16-3d9f-4d2c-809b-20d1b37db684:45679,2,5:96d33a16-3d9f-4d2c-809b-20d1b37db684:151621；5:96d33a16-3d9f-4d2c-809b-20d1b37db684:154513
supported_by_evidence,4:96d33a16-3d9f-4d2c-809b-20d1b37db684:25696,4:96d33a16-3d9f-4d2c-809b-20d1b37db684:45686,2,5:96d33a16-3d9f-4d2c-809b-20d1b37db684:151622；5:96d33a16-3d9f-4d2c-809b-20d1b37db684:154651
supported_by_evidence,4:96d33a16-3d9f-4d2c-809b-20d1b37db684:25696,4:96d33a16-3d9f-4d2c-809b-20d1b37db684:45687,2,5:96d33a16-3d9f-4d2c-809b-20d1b37db684:151623；5:96d33a16-3d9f-4d2c-809b-20d1b37db684:154503
supported_by_evidence,4:96d33a16-3d9f-4d2c-809b-20d1b37db684:25696,4:96d33a16-3d9f-4d2c-809b-20d1b37db684:45690,2,5:96d33a16-3d9f-4d2c-809b-20d1b37db684:151624；5:96d33a16-3d9f-4d2c-809b-20d1b37db684:154609
supported_by_evidence,4:96d33a16-3d9f-4d2c-809b-20d1b37db684:25696,4:96d33a16-3d9f-4d2c-809b-20d1b37db684:45735,2,5:96d33a16-3d9f-4d2c-809b-20d1b37db684:151625；5:96d33a16-3d9f-4d2c-809b-20d1b37db684:154646
supported_by_evidence,4:96d33a16-3d9f-4d2c-809b-20d1b37db684:25696,4:96d33a16-3d9f-4d2c-809b-20d1b37db684:45736,2,5:96d33a16-3d9f-4d2c-809b-20d1b37db684:151626；5:96d33a16-3d9f-4d2c-809b-20d1b37db684:154599
supported_by_evidence,4:96d33a16-3d9f-4d2c-809b-20d1b37db684:25696,4:96d33a16-3d9f-4d2c-809b-20d1b37db684:45737,2,5:96d33a16-3d9f-4d2c-809b-20d1b37db684:151627；5:96d33a16-3d9f-4d2c-809b-20d1b37db684:154644
supported_by_evidence,4:96d33a16-3d9f-4d2c-809b-20d1b37db684:25696,4:96d33a16-3d9f-4d2c-809b-20d1b37db684:45738,2,5:96d33a16-3d9f-4d2c-809b-20d1b37db684:151628；5:96d33a16-3d9f-4d2c-809b-20d1b37db684:154461
supported_by_evidence,4:96d33a16-3d9f-4d2c-809b-20d1b37db684:25696,4:96d33a16-3d9f-4d2c-809b-20d1b37db684:45770,2,5:96d33a16-3d9f-4d2c-809b-20d1b37db684:151629；5:96d33a16-3d9f-4d2c-809b-20d1b37db684:154549
supported_by_evidence,4:96d33a16-3d9f-4d2c-809b-20d1b37db684:25696,4:96d33a16-3d9f-4d2c-809b-20d1b37db684:45793,2,5:96d33a16-3d9f-4d2c-809b-20d1b37db684:151630；5:96d33a16-3d9f-4d2c-809b-20d1b37db684:154610
supported_by_evidence,4:96d33a16-3d9f-4d2c-809b-20d1b37db684:25696,4:96d33a16-3d9f-4d2c-809b-20d1b37db684:45794,2,5:96d33a16-3d9f-4d2c-809b-20d1b37db684:151631；5:96d33a16-3d9f-4d2c-809b-20d1b37db684:154531
supported_by_evidence,4:96d33a16-3d9f-4d2c-809b-20d1b37db684:25696,4:96d33a16-3d9f-4d2c-809b-20d1b37db684:45795,2,5:96d33a16-3d9f-4d2c-809b-20d1b37db684:151632；5:96d33a16-3d9f-4d2c-809b-20d1b37db684:154579
supported_by_evidence,4:96d33a16-3d9f-4d2c-809b-20d1b37db684:25696,4:96d33a16-3d9f-4d2c-809b-20d1b37db684:45796,2,5:96d33a16-3d9f-4d2c-809b-20d1b37db684:151633；5:96d33a16-3d9f-4d2c-809b-20d1b37db684:154491
supported_by_evidence,4:96d33a16-3d9f-4d2c-809b-20d1b37db684:25696,4:96d33a16-3d9f-4d2c-809b-20d1b37db684:45806,2,5:96d33a16-3d9f-4d2c-809b-20d1b37db684:151634；5:96d33a16-3d9f-4d2c-809b-20d1b37db684:154439
supported_by_evidence,4:96d33a16-3d9f-4d2c-809b-20d1b37db684:25696,4:96d33a16-3d9f-4d2c-809b-20d1b37db684:45833,2,5:96d33a16-3d9f-4d2c-809b-20d1b37db684:151635；5:96d33a16-3d9f-4d2c-809b-20d1b37db684:154462
supported_by_evidence,4:96d33a16-3d9f-4d2c-809b-20d1b37db684:25696,4:96d33a16-3d9f-4d2c-809b-20d1b37db684:45834,2,5:96d33a16-3d9f-4d2c-809b-20d1b37db684:151636；5:96d33a16-3d9f-4d2c-809b-20d1b37db684:154600
supported_by_evidence,4:96d33a16-3d9f-4d2c-809b-20d1b37db684:25696,4:96d33a16-3d9f-4d2c-809b-20d1b37db684:45835,2,5:96d33a16-3d9f-4d2c-809b-20d1b37db684:151637；5:96d33a16-3d9f-4d2c-809b-20d1b37db684:154535
supported_by_evidence,4:96d33a16-3d9f-4d2c-809b-20d1b37db684:25696,4:96d33a16-3d9f-4d2c-809b-20d1b37db684:45836,2,5:96d33a16-3d9f-4d2c-809b-20d1b37db684:151638；5:96d33a16-3d9f-4d2c-809b-20d1b37db684:154640
supported_by_evidence,4:96d33a16-3d9f-4d2c-809b-20d1b37db684:25696,4:96d33a16-3d9f-4d2c-809b-20d1b37db684:45859,2,5:96d33a16-3d9f-4d2c-809b-20d1b37db684:151639；5:96d33a16-3d9f-4d2c-809b-20d1b37db684:154619
supported_by_evidence,4:96d33a16-3d9f-4d2c-809b-20d1b37db684:25696,4:96d33a16-3d9f-4d2c-809b-20d1b37db684:45860,2,5:96d33a16-3d9f-4d2c-809b-20d1b37db684:151640；5:96d33a16-3d9f-4d2c-809b-20d1b37db684:154636
supported_by_evidence,4:96d33a16-3d9f-4d2c-809b-20d1b37db684:25696,4:96d33a16-3d9f-4d2c-809b-20d1b37db684:45861,2,5:96d33a16-3d9f-4d2c-809b-20d1b37db684:151641；5:96d33a16-3d9f-4d2c-809b-20d1b37db684:154448
supported_by_evidence,4:96d33a16-3d9f-4d2c-809b-20d1b37db684:25696,4:96d33a16-3d9f-4d2c-809b-20d1b37db684:45862,2,5:96d33a16-3d9f-4d2c-809b-20d1b37db684:151642；5:96d33a16-3d9f-4d2c-809b-20d1b37db684:154517
supported_by_evidence,4:96d33a16-3d9f-4d2c-809b-20d1b37db684:25696,4:96d33a16-3d9f-4d2c-809b-20d1b37db684:45885,2,5:96d33a16-3d9f-4d2c-809b-20d1b37db684:151643；5:96d33a16-3d9f-4d2c-809b-20d1b37db684:154645
supported_by_evidence,4:96d33a16-3d9f-4d2c-809b-20d1b37db684:25696,4:96d33a16-3d9f-4d2c-809b-20d1b37db684:45886,2,5:96d33a16-3d9f-4d2c-809b-20d1b37db684:151644；5:96d33a16-3d9f-4d2c-809b-20d1b37db684:154557
supported_by_evidence,4:96d33a16-3d9f-4d2c-809b-20d1b37db684:25696,4:96d33a16-3d9f-4d2c-809b-20d1b37db684:45932,2,5:96d33a16-3d9f-4d2c-809b-20d1b37db684:151645；5:96d33a16-3d9f-4d2c-809b-20d1b37db684:154501
supported_by_evidence,4:96d33a16-3d9f-4d2c-809b-20d1b37db684:25696,4:96d33a16-3d9f-4d2c-809b-20d1b37db684:45936,2,5:96d33a16-3d9f-4d2c-809b-20d1b37db684:151646；5:96d33a16-3d9f-4d2c-809b-20d1b37db684:154532
supported_by_evidence,4:96d33a16-3d9f-4d2c-809b-20d1b37db684:25696,4:96d33a16-3d9f-4d2c-809b-20d1b37db684:45948,2,5:96d33a16-3d9f-4d2c-809b-20d1b37db684:151647；5:96d33a16-3d9f-4d2c-809b-20d1b37db684:154438
supported_by_evidence,4:96d33a16-3d9f-4d2c-809b-20d1b37db684:25696,4:96d33a16-3d9f-4d2c-809b-20d1b37db684:45949,2,5:96d33a16-3d9f-4d2c-809b-20d1b37db684:151648；5:96d33a16-3d9f-4d2c-809b-20d1b37db684:154492
supported_by_evidence,4:96d33a16-3d9f-4d2c-809b-20d1b37db684:25696,4:96d33a16-3d9f-4d2c-809b-20d1b37db684:45950,2,5:96d33a16-3d9f-4d2c-809b-20d1b37db684:151649；5:96d33a16-3d9f-4d2c-809b-20d1b37db684:154521
supported_by_evidence,4:96d33a16-3d9f-4d2c-809b-20d1b37db684:25696,4:96d33a16-3d9f-4d2c-809b-20d1b37db684:45951,2,5:96d33a16-3d9f-4d2c-809b-20d1b37db684:151650；5:96d33a16-3d9f-4d2c-809b-20d1b37db684:154622
supported_by_evidence,4:96d33a16-3d9f-4d2c-809b-20d1b37db684:25696,4:96d33a16-3d9f-4d2c-809b-20d1b37db684:45952,2,5:96d33a16-3d9f-4d2c-809b-20d1b37db684:151651；5:96d33a16-3d9f-4d2c-809b-20d1b37db684:154487
supported_by_evidence,4:96d33a16-3d9f-4d2c-809b-20d1b37db684:25696,4:96d33a16-3d9f-4d2c-809b-20d1b37db684:45988,2,5:96d33a16-3d9f-4d2c-809b-20d1b37db684:151652；5:96d33a16-3d9f-4d2c-809b-20d1b37db684:154574
supported_by_evidence,4:96d33a16-3d9f-4d2c-809b-20d1b37db684:25696,4:96d33a16-3d9f-4d2c-809b-20d1b37db684:45989,2,5:96d33a16-3d9f-4d2c-809b-20d1b37db684:151653；5:96d33a16-3d9f-4d2c-809b-20d1b37db684:154463
supported_by_evidence,4:96d33a16-3d9f-4d2c-809b-20d1b37db684:25696,4:96d33a16-3d9f-4d2c-809b-20d1b37db684:45990,2,5:96d33a16-3d9f-4d2c-809b-20d1b37db684:151654；5:96d33a16-3d9f-4d2c-809b-20d1b37db684:154544
supported_by_evidence,4:96d33a16-3d9f-4d2c-809b-20d1b37db684:25696,4:96d33a16-3d9f-4d2c-809b-20d1b37db684:45991,2,5:96d33a16-3d9f-4d2c-809b-20d1b37db684:151655；5:96d33a16-3d9f-4d2c-809b-20d1b37db684:154556
supported_by_evidence,4:96d33a16-3d9f-4d2c-809b-20d1b37db684:25696,4:96d33a16-3d9f-4d2c-809b-20d1b37db684:45992,2,5:96d33a16-3d9f-4d2c-809b-20d1b37db684:151656；5:96d33a16-3d9f-4d2c-809b-20d1b37db684:154548
supported_by_evidence,4:96d33a16-3d9f-4d2c-809b-20d1b37db684:25696,4:96d33a16-3d9f-4d2c-809b-20d1b37db684:46000,2,5:96d33a16-3d9f-4d2c-809b-20d1b37db684:151657；5:96d33a16-3d9f-4d2c-809b-20d1b37db684:154467
supported_by_evidence,4:96d33a16-3d9f-4d2c-809b-20d1b37db684:25696,4:96d33a16-3d9f-4d2c-809b-20d1b37db684:46007,2,5:96d33a16-3d9f-4d2c-809b-20d1b37db684:151658；5:96d33a16-3d9f-4d2c-809b-20d1b37db684:154523
supported_by_evidence,4:96d33a16-3d9f-4d2c-809b-20d1b37db684:25696,4:96d33a16-3d9f-4d2c-809b-20d1b37db684:46016,2,5:96d33a16-3d9f-4d2c-809b-20d1b37db684:151659；5:96d33a16-3d9f-4d2c-809b-20d1b37db684:154650
supported_by_evidence,4:96d33a16-3d9f-4d2c-809b-20d1b37db684:25696,4:96d33a16-3d9f-4d2c-809b-20d1b37db684:46017,2,5:96d33a16-3d9f-4d2c-809b-20d1b37db684:151660；5:96d33a16-3d9f-4d2c-809b-20d1b37db684:154573
supported_by_evidence,4:96d33a16-3d9f-4d2c-809b-20d1b37db684:25696,4:96d33a16-3d9f-4d2c-809b-20d1b37db684:46018,2,5:96d33a16-3d9f-4d2c-809b-20d1b37db684:151661；5:96d33a16-3d9f-4d2c-809b-20d1b37db684:154466
supported_by_evidence,4:96d33a16-3d9f-4d2c-809b-20d1b37db684:25696,4:96d33a16-3d9f-4d2c-809b-20d1b37db684:46019,2,5:96d33a16-3d9f-4d2c-809b-20d1b37db684:151662；5:96d33a16-3d9f-4d2c-809b-20d1b37db684:154584
supported_by_evidence,4:96d33a16-3d9f-4d2c-809b-20d1b37db684:25696,4:96d33a16-3d9f-4d2c-809b-20d1b37db684:46047,2,5:96d33a16-3d9f-4d2c-809b-20d1b37db684:151663；5:96d33a16-3d9f-4d2c-809b-20d1b37db684:154602
supported_by_evidence,4:96d33a16-3d9f-4d2c-809b-20d1b37db684:25696,4:96d33a16-3d9f-4d2c-809b-20d1b37db684:46087,2,5:96d33a16-3d9f-4d2c-809b-20d1b37db684:151664；5:96d33a16-3d9f-4d2c-809b-20d1b37db684:154604
supported_by_evidence,4:96d33a16-3d9f-4d2c-809b-20d1b37db684:25696,4:96d33a16-3d9f-4d2c-809b-20d1b37db684:46126,2,5:96d33a16-3d9f-4d2c-809b-20d1b37db684:151665；5:96d33a16-3d9f-4d2c-809b-20d1b37db684:154596
supported_by_evidence,4:96d33a16-3d9f-4d2c-809b-20d1b37db684:25696,4:96d33a16-3d9f-4d2c-809b-20d1b37db684:46127,2,5:96d33a16-3d9f-4d2c-809b-20d1b37db684:151666；5:96d33a16-3d9f-4d2c-809b-20d1b37db684:154499
supported_by_evidence,4:96d33a16-3d9f-4d2c-809b-20d1b37db684:25696,4:96d33a16-3d9f-4d2c-809b-20d1b37db684:46128,2,5:96d33a16-3d9f-4d2c-809b-20d1b37db684:151667；5:96d33a16-3d9f-4d2c-809b-20d1b37db684:154631
supported_by_evidence,4:96d33a16-3d9f-4d2c-809b-20d1b37db684:25696,4:96d33a16-3d9f-4d2c-809b-20d1b37db684:46129,2,5:96d33a16-3d9f-4d2c-809b-20d1b37db684:151668；5:96d33a16-3d9f-4d2c-809b-20d1b37db684:154475
supported_by_evidence,4:96d33a16-3d9f-4d2c-809b-20d1b37db684:25696,4:96d33a16-3d9f-4d2c-809b-20d1b37db684:46130,2,5:96d33a16-3d9f-4d2c-809b-20d1b37db684:151669；5:96d33a16-3d9f-4d2c-809b-20d1b37db684:154632
supported_by_evidence,4:96d33a16-3d9f-4d2c-809b-20d1b37db684:25696,4:96d33a16-3d9f-4d2c-809b-20d1b37db684:46181,2,5:96d33a16-3d9f-4d2c-809b-20d1b37db684:151670；5:96d33a16-3d9f-4d2c-809b-20d1b37db684:154553
supported_by_evidence,4:96d33a16-3d9f-4d2c-809b-20d1b37db684:25696,4:96d33a16-3d9f-4d2c-809b-20d1b37db684:46182,2,5:96d33a16-3d9f-4d2c-809b-20d1b37db684:151671；5:96d33a16-3d9f-4d2c-809b-20d1b37db684:154450
supported_by_evidence,4:96d33a16-3d9f-4d2c-809b-20d1b37db684:25696,4:96d33a16-3d9f-4d2c-809b-20d1b37db684:46203,2,5:96d33a16-3d9f-4d2c-809b-20d1b37db684:151672；5:96d33a16-3d9f-4d2c-809b-20d1b37db684:154470
supported_by_evidence,4:96d33a16-3d9f-4d2c-809b-20d1b37db684:25696,4:96d33a16-3d9f-4d2c-809b-20d1b37db684:46210,2,5:96d33a16-3d9f-4d2c-809b-20d1b37db684:151673；5:96d33a16-3d9f-4d2c-809b-20d1b37db684:154613
supported_by_evidence,4:96d33a16-3d9f-4d2c-809b-20d1b37db684:25696,4:96d33a16-3d9f-4d2c-809b-20d1b37db684:46211,2,5:96d33a16-3d9f-4d2c-809b-20d1b37db684:151674；5:96d33a16-3d9f-4d2c-809b-20d1b37db684:154625
supported_by_evidence,4:96d33a16-3d9f-4d2c-809b-20d1b37db684:25696,4:96d33a16-3d9f-4d2c-809b-20d1b37db684:46212,2,5:96d33a16-3d9f-4d2c-809b-20d1b37db684:151675；5:96d33a16-3d9f-4d2c-809b-20d1b37db684:154441
supported_by_evidence,4:96d33a16-3d9f-4d2c-809b-20d1b37db684:25696,4:96d33a16-3d9f-4d2c-809b-20d1b37db684:46213,2,5:96d33a16-3d9f-4d2c-809b-20d1b37db684:151676；5:96d33a16-3d9f-4d2c-809b-20d1b37db684:154552
supported_by_evidence,4:96d33a16-3d9f-4d2c-809b-20d1b37db684:25696,4:96d33a16-3d9f-4d2c-809b-20d1b37db684:46214,2,5:96d33a16-3d9f-4d2c-809b-20d1b37db684:151677；5:96d33a16-3d9f-4d2c-809b-20d1b37db684:154628
supported_by_evidence,4:96d33a16-3d9f-4d2c-809b-20d1b37db684:25696,4:96d33a16-3d9f-4d2c-809b-20d1b37db684:46215,2,5:96d33a16-3d9f-4d2c-809b-20d1b37db684:151678；5:96d33a16-3d9f-4d2c-809b-20d1b37db684:154583
supported_by_evidence,4:96d33a16-3d9f-4d2c-809b-20d1b37db684:25696,4:96d33a16-3d9f-4d2c-809b-20d1b37db684:46243,2,5:96d33a16-3d9f-4d2c-809b-20d1b37db684:151679；5:96d33a16-3d9f-4d2c-809b-20d1b37db684:154572
supported_by_evidence,4:96d33a16-3d9f-4d2c-809b-20d1b37db684:25696,4:96d33a16-3d9f-4d2c-809b-20d1b37db684:46244,2,5:96d33a16-3d9f-4d2c-809b-20d1b37db684:151680；5:96d33a16-3d9f-4d2c-809b-20d1b37db684:154590
supported_by_evidence,4:96d33a16-3d9f-4d2c-809b-20d1b37db684:25696,4:96d33a16-3d9f-4d2c-809b-20d1b37db684:46245,2,5:96d33a16-3d9f-4d2c-809b-20d1b37db684:151681；5:96d33a16-3d9f-4d2c-809b-20d1b37db684:154597
supported_by_evidence,4:96d33a16-3d9f-4d2c-809b-20d1b37db684:25696,4:96d33a16-3d9f-4d2c-809b-20d1b37db684:46246,2,5:96d33a16-3d9f-4d2c-809b-20d1b37db684:151682；5:96d33a16-3d9f-4d2c-809b-20d1b37db684:154614
supported_by_evidence,4:96d33a16-3d9f-4d2c-809b-20d1b37db684:25696,4:96d33a16-3d9f-4d2c-809b-20d1b37db684:46249,2,5:96d33a16-3d9f-4d2c-809b-20d1b37db684:151683；5:96d33a16-3d9f-4d2c-809b-20d1b37db684:154550
supported_by_evidence,4:96d33a16-3d9f-4d2c-809b-20d1b37db684:25696,4:96d33a16-3d9f-4d2c-809b-20d1b37db684:46250,2,5:96d33a16-3d9f-4d2c-809b-20d1b37db684:151684；5:96d33a16-3d9f-4d2c-809b-20d1b37db684:154520
supported_by_evidence,4:96d33a16-3d9f-4d2c-809b-20d1b37db684:25696,4:96d33a16-3d9f-4d2c-809b-20d1b37db684:46251,2,5:96d33a16-3d9f-4d2c-809b-20d1b37db684:151685；5:96d33a16-3d9f-4d2c-809b-20d1b37db684:154571
supported_by_evidence,4:96d33a16-3d9f-4d2c-809b-20d1b37db684:25696,4:96d33a16-3d9f-4d2c-809b-20d1b37db684:46252,2,5:96d33a16-3d9f-4d2c-809b-20d1b37db684:151686；5:96d33a16-3d9f-4d2c-809b-20d1b37db684:154564
supported_by_evidence,4:96d33a16-3d9f-4d2c-809b-20d1b37db684:25696,4:96d33a16-3d9f-4d2c-809b-20d1b37db684:46264,2,5:96d33a16-3d9f-4d2c-809b-20d1b37db684:151687；5:96d33a16-3d9f-4d2c-809b-20d1b37db684:154493
supported_by_evidence,4:96d33a16-3d9f-4d2c-809b-20d1b37db684:25696,4:96d33a16-3d9f-4d2c-809b-20d1b37db684:46268,2,5:96d33a16-3d9f-4d2c-809b-20d1b37db684:151688；5:96d33a16-3d9f-4d2c-809b-20d1b37db684:154621
supported_by_evidence,4:96d33a16-3d9f-4d2c-809b-20d1b37db684:25696,4:96d33a16-3d9f-4d2c-809b-20d1b37db684:46269,2,5:96d33a16-3d9f-4d2c-809b-20d1b37db684:151689；5:96d33a16-3d9f-4d2c-809b-20d1b37db684:154496
supported_by_evidence,4:96d33a16-3d9f-4d2c-809b-20d1b37db684:25696,4:96d33a16-3d9f-4d2c-809b-20d1b37db684:46270,2,5:96d33a16-3d9f-4d2c-809b-20d1b37db684:151690；5:96d33a16-3d9f-4d2c-809b-20d1b37db684:154458
supported_by_evidence,4:96d33a16-3d9f-4d2c-809b-20d1b37db684:25696,4:96d33a16-3d9f-4d2c-809b-20d1b37db684:46289,2,5:96d33a16-3d9f-4d2c-809b-20d1b37db684:151691；5:96d33a16-3d9f-4d2c-809b-20d1b37db684:154488
supported_by_evidence,4:96d33a16-3d9f-4d2c-809b-20d1b37db684:25696,4:96d33a16-3d9f-4d2c-809b-20d1b37db684:46291,2,5:96d33a16-3d9f-4d2c-809b-20d1b37db684:151692；5:96d33a16-3d9f-4d2c-809b-20d1b37db684:154643
supported_by_evidence,4:96d33a16-3d9f-4d2c-809b-20d1b37db684:25696,4:96d33a16-3d9f-4d2c-809b-20d1b37db684:46292,2,5:96d33a16-3d9f-4d2c-809b-20d1b37db684:151693；5:96d33a16-3d9f-4d2c-809b-20d1b37db684:154580
supported_by_evidence,4:96d33a16-3d9f-4d2c-809b-20d1b37db684:25696,4:96d33a16-3d9f-4d2c-809b-20d1b37db684:46293,2,5:96d33a16-3d9f-4d2c-809b-20d1b37db684:151694；5:96d33a16-3d9f-4d2c-809b-20d1b37db684:154568
supported_by_evidence,4:96d33a16-3d9f-4d2c-809b-20d1b37db684:25696,4:96d33a16-3d9f-4d2c-809b-20d1b37db684:46297,2,5:96d33a16-3d9f-4d2c-809b-20d1b37db684:151695；5:96d33a16-3d9f-4d2c-809b-20d1b37db684:154539
supported_by_evidence,4:96d33a16-3d9f-4d2c-809b-20d1b37db684:25696,4:96d33a16-3d9f-4d2c-809b-20d1b37db684:46301,2,5:96d33a16-3d9f-4d2c-809b-20d1b37db684:151696；5:96d33a16-3d9f-4d2c-809b-20d1b37db684:154630
supported_by_evidence,4:96d33a16-3d9f-4d2c-809b-20d1b37db684:25696,4:96d33a16-3d9f-4d2c-809b-20d1b37db684:46302,2,5:96d33a16-3d9f-4d2c-809b-20d1b37db684:151697；5:96d33a16-3d9f-4d2c-809b-20d1b37db684:154612
supported_by_evidence,4:96d33a16-3d9f-4d2c-809b-20d1b37db684:25696,4:96d33a16-3d9f-4d2c-809b-20d1b37db684:46360,2,5:96d33a16-3d9f-4d2c-809b-20d1b37db684:151698；5:96d33a16-3d9f-4d2c-809b-20d1b37db684:154555
supported_by_evidence,4:96d33a16-3d9f-4d2c-809b-20d1b37db684:25696,4:96d33a16-3d9f-4d2c-809b-20d1b37db684:46403,2,5:96d33a16-3d9f-4d2c-809b-20d1b37db684:151699；5:96d33a16-3d9f-4d2c-809b-20d1b37db684:154623
supported_by_evidence,4:96d33a16-3d9f-4d2c-809b-20d1b37db684:25696,4:96d33a16-3d9f-4d2c-809b-20d1b37db684:46404,2,5:96d33a16-3d9f-4d2c-809b-20d1b37db684:151700；5:96d33a16-3d9f-4d2c-809b-20d1b37db684:154469
supported_by_evidence,4:96d33a16-3d9f-4d2c-809b-20d1b37db684:25696,4:96d33a16-3d9f-4d2c-809b-20d1b37db684:46405,2,5:96d33a16-3d9f-4d2c-809b-20d1b37db684:151701；5:96d33a16-3d9f-4d2c-809b-20d1b37db684:154510
supported_by_evidence,4:96d33a16-3d9f-4d2c-809b-20d1b37db684:25696,4:96d33a16-3d9f-4d2c-809b-20d1b37db684:46406,2,5:96d33a16-3d9f-4d2c-809b-20d1b37db684:151702；5:96d33a16-3d9f-4d2c-809b-20d1b37db684:154446
supported_by_evidence,4:96d33a16-3d9f-4d2c-809b-20d1b37db684:25696,4:96d33a16-3d9f-4d2c-809b-20d1b37db684:46407,2,5:96d33a16-3d9f-4d2c-809b-20d1b37db684:151703；5:96d33a16-3d9f-4d2c-809b-20d1b37db684:154545
supported_by_evidence,4:96d33a16-3d9f-4d2c-809b-20d1b37db684:25696,4:96d33a16-3d9f-4d2c-809b-20d1b37db684:46408,2,5:96d33a16-3d9f-4d2c-809b-20d1b37db684:151704；5:96d33a16-3d9f-4d2c-809b-20d1b37db684:154558
supported_by_evidence,4:96d33a16-3d9f-4d2c-809b-20d1b37db684:25696,4:96d33a16-3d9f-4d2c-809b-20d1b37db684:46429,2,5:96d33a16-3d9f-4d2c-809b-20d1b37db684:151705；5:96d33a16-3d9f-4d2c-809b-20d1b37db684:154629
supported_by_evidence,4:96d33a16-3d9f-4d2c-809b-20d1b37db684:25696,4:96d33a16-3d9f-4d2c-809b-20d1b37db684:46430,2,5:96d33a16-3d9f-4d2c-809b-20d1b37db684:151706；5:96d33a16-3d9f-4d2c-809b-20d1b37db684:154457
supported_by_evidence,4:96d33a16-3d9f-4d2c-809b-20d1b37db684:25696,4:96d33a16-3d9f-4d2c-809b-20d1b37db684:46435,2,5:96d33a16-3d9f-4d2c-809b-20d1b37db684:151707；5:96d33a16-3d9f-4d2c-809b-20d1b37db684:154476
supported_by_evidence,4:96d33a16-3d9f-4d2c-809b-20d1b37db684:25696,4:96d33a16-3d9f-4d2c-809b-20d1b37db684:46436,2,5:96d33a16-3d9f-4d2c-809b-20d1b37db684:151708；5:96d33a16-3d9f-4d2c-809b-20d1b37db684:154648
supported_by_evidence,4:96d33a16-3d9f-4d2c-809b-20d1b37db684:25696,4:96d33a16-3d9f-4d2c-809b-20d1b37db684:46479,2,5:96d33a16-3d9f-4d2c-809b-20d1b37db684:151709；5:96d33a16-3d9f-4d2c-809b-20d1b37db684:154506
supported_by_evidence,4:96d33a16-3d9f-4d2c-809b-20d1b37db684:25696,4:96d33a16-3d9f-4d2c-809b-20d1b37db684:46482,2,5:96d33a16-3d9f-4d2c-809b-20d1b37db684:151710；5:96d33a16-3d9f-4d2c-809b-20d1b37db684:154591
supported_by_evidence,4:96d33a16-3d9f-4d2c-809b-20d1b37db684:25696,4:96d33a16-3d9f-4d2c-809b-20d1b37db684:46483,2,5:96d33a16-3d9f-4d2c-809b-20d1b37db684:151711；5:96d33a16-3d9f-4d2c-809b-20d1b37db684:154653
supported_by_evidence,4:96d33a16-3d9f-4d2c-809b-20d1b37db684:25696,4:96d33a16-3d9f-4d2c-809b-20d1b37db684:46484,2,5:96d33a16-3d9f-4d2c-809b-20d1b37db684:151712；5:96d33a16-3d9f-4d2c-809b-20d1b37db684:154637
supported_by_evidence,4:96d33a16-3d9f-4d2c-809b-20d1b37db684:25696,4:96d33a16-3d9f-4d2c-809b-20d1b37db684:46485,2,5:96d33a16-3d9f-4d2c-809b-20d1b37db684:151713；5:96d33a16-3d9f-4d2c-809b-20d1b37db684:154551
supported_by_evidence,4:96d33a16-3d9f-4d2c-809b-20d1b37db684:25696,4:96d33a16-3d9f-4d2c-809b-20d1b37db684:46486,2,5:96d33a16-3d9f-4d2c-809b-20d1b37db684:151714；5:96d33a16-3d9f-4d2c-809b-20d1b37db684:154606
supported_by_evidence,4:96d33a16-3d9f-4d2c-809b-20d1b37db684:25696,4:96d33a16-3d9f-4d2c-809b-20d1b37db684:46493,2,5:96d33a16-3d9f-4d2c-809b-20d1b37db684:151715；5:96d33a16-3d9f-4d2c-809b-20d1b37db684:154536
supported_by_evidence,4:96d33a16-3d9f-4d2c-809b-20d1b37db684:25696,4:96d33a16-3d9f-4d2c-809b-20d1b37db684:46494,2,5:96d33a16-3d9f-4d2c-809b-20d1b37db684:151716；5:96d33a16-3d9f-4d2c-809b-20d1b37db684:154554
supported_by_evidence,4:96d33a16-3d9f-4d2c-809b-20d1b37db684:25696,4:96d33a16-3d9f-4d2c-809b-20d1b37db684:46495,2,5:96d33a16-3d9f-4d2c-809b-20d1b37db684:151717；5:96d33a16-3d9f-4d2c-809b-20d1b37db684:154627
supported_by_evidence,4:96d33a16-3d9f-4d2c-809b-20d1b37db684:25696,4:96d33a16-3d9f-4d2c-809b-20d1b37db684:46496,2,5:96d33a16-3d9f-4d2c-809b-20d1b37db684:151718；5:96d33a16-3d9f-4d2c-809b-20d1b37db684:154593
supported_by_evidence,4:96d33a16-3d9f-4d2c-809b-20d1b37db684:25696,4:96d33a16-3d9f-4d2c-809b-20d1b37db684:46497,2,5:96d33a16-3d9f-4d2c-809b-20d1b37db684:151719；5:96d33a16-3d9f-4d2c-809b-20d1b37db684:154567
supported_by_evidence,4:96d33a16-3d9f-4d2c-809b-20d1b37db684:25696,4:96d33a16-3d9f-4d2c-809b-20d1b37db684:46498,2,5:96d33a16-3d9f-4d2c-809b-20d1b37db684:151720；5:96d33a16-3d9f-4d2c-809b-20d1b37db684:154526
supported_by_evidence,4:96d33a16-3d9f-4d2c-809b-20d1b37db684:25696,4:96d33a16-3d9f-4d2c-809b-20d1b37db684:46499,2,5:96d33a16-3d9f-4d2c-809b-20d1b37db684:151721；5:96d33a16-3d9f-4d2c-809b-20d1b37db684:154490
supported_by_evidence,4:96d33a16-3d9f-4d2c-809b-20d1b37db684:25696,4:96d33a16-3d9f-4d2c-809b-20d1b37db684:46500,2,5:96d33a16-3d9f-4d2c-809b-20d1b37db684:151722；5:96d33a16-3d9f-4d2c-809b-20d1b37db684:154577
supported_by_evidence,4:96d33a16-3d9f-4d2c-809b-20d1b37db684:25696,4:96d33a16-3d9f-4d2c-809b-20d1b37db684:46505,2,5:96d33a16-3d9f-4d2c-809b-20d1b37db684:151723；5:96d33a16-3d9f-4d2c-809b-20d1b37db684:154642
supported_by_evidence,4:96d33a16-3d9f-4d2c-809b-20d1b37db684:25696,4:96d33a16-3d9f-4d2c-809b-20d1b37db684:46506,2,5:96d33a16-3d9f-4d2c-809b-20d1b37db684:151724；5:96d33a16-3d9f-4d2c-809b-20d1b37db684:154570
supported_by_evidence,4:96d33a16-3d9f-4d2c-809b-20d1b37db684:25696,4:96d33a16-3d9f-4d2c-809b-20d1b37db684:46510,2,5:96d33a16-3d9f-4d2c-809b-20d1b37db684:151725；5:96d33a16-3d9f-4d2c-809b-20d1b37db684:154601
supported_by_evidence,4:96d33a16-3d9f-4d2c-809b-20d1b37db684:25696,4:96d33a16-3d9f-4d2c-809b-20d1b37db684:46511,2,5:96d33a16-3d9f-4d2c-809b-20d1b37db684:151726；5:96d33a16-3d9f-4d2c-809b-20d1b37db684:154576
supported_by_evidence,4:96d33a16-3d9f-4d2c-809b-20d1b37db684:25696,4:96d33a16-3d9f-4d2c-809b-20d1b37db684:46524,2,5:96d33a16-3d9f-4d2c-809b-20d1b37db684:151727；5:96d33a16-3d9f-4d2c-809b-20d1b37db684:154445
supported_by_evidence,4:96d33a16-3d9f-4d2c-809b-20d1b37db684:25696,4:96d33a16-3d9f-4d2c-809b-20d1b37db684:46525,2,5:96d33a16-3d9f-4d2c-809b-20d1b37db684:151728；5:96d33a16-3d9f-4d2c-809b-20d1b37db684:154500
supported_by_evidence,4:96d33a16-3d9f-4d2c-809b-20d1b37db684:25696,4:96d33a16-3d9f-4d2c-809b-20d1b37db684:46526,2,5:96d33a16-3d9f-4d2c-809b-20d1b37db684:151729；5:96d33a16-3d9f-4d2c-809b-20d1b37db684:154454
supported_by_evidence,4:96d33a16-3d9f-4d2c-809b-20d1b37db684:25696,4:96d33a16-3d9f-4d2c-809b-20d1b37db684:46527,2,5:96d33a16-3d9f-4d2c-809b-20d1b37db684:151730；5:96d33a16-3d9f-4d2c-809b-20d1b37db684:154626
supported_by_evidence,4:96d33a16-3d9f-4d2c-809b-20d1b37db684:25696,4:96d33a16-3d9f-4d2c-809b-20d1b37db684:46528,2,5:96d33a16-3d9f-4d2c-809b-20d1b37db684:151731；5:96d33a16-3d9f-4d2c-809b-20d1b37db684:154453
supported_by_evidence,4:96d33a16-3d9f-4d2c-809b-20d1b37db684:25696,4:96d33a16-3d9f-4d2c-809b-20d1b37db684:46543,2,5:96d33a16-3d9f-4d2c-809b-20d1b37db684:151732；5:96d33a16-3d9f-4d2c-809b-20d1b37db684:154482
supported_by_evidence,4:96d33a16-3d9f-4d2c-809b-20d1b37db684:25696,4:96d33a16-3d9f-4d2c-809b-20d1b37db684:46547,2,5:96d33a16-3d9f-4d2c-809b-20d1b37db684:151733；5:96d33a16-3d9f-4d2c-809b-20d1b37db684:154563
supported_by_evidence,4:96d33a16-3d9f-4d2c-809b-20d1b37db684:25696,4:96d33a16-3d9f-4d2c-809b-20d1b37db684:46552,2,5:96d33a16-3d9f-4d2c-809b-20d1b37db684:151734；5:96d33a16-3d9f-4d2c-809b-20d1b37db684:154459
supported_by_evidence,4:96d33a16-3d9f-4d2c-809b-20d1b37db684:25696,4:96d33a16-3d9f-4d2c-809b-20d1b37db684:46553,2,5:96d33a16-3d9f-4d2c-809b-20d1b37db684:151735；5:96d33a16-3d9f-4d2c-809b-20d1b37db684:154547
supported_by_evidence,4:96d33a16-3d9f-4d2c-809b-20d1b37db684:25696,4:96d33a16-3d9f-4d2c-809b-20d1b37db684:46564,2,5:96d33a16-3d9f-4d2c-809b-20d1b37db684:151736；5:96d33a16-3d9f-4d2c-809b-20d1b37db684:154594
supported_by_evidence,4:96d33a16-3d9f-4d2c-809b-20d1b37db684:25696,4:96d33a16-3d9f-4d2c-809b-20d1b37db684:46565,2,5:96d33a16-3d9f-4d2c-809b-20d1b37db684:151737；5:96d33a16-3d9f-4d2c-809b-20d1b37db684:154537
supported_by_evidence,4:96d33a16-3d9f-4d2c-809b-20d1b37db684:25696,4:96d33a16-3d9f-4d2c-809b-20d1b37db684:46566,2,5:96d33a16-3d9f-4d2c-809b-20d1b37db684:151738；5:96d33a16-3d9f-4d2c-809b-20d1b37db684:154527
supported_by_evidence,4:96d33a16-3d9f-4d2c-809b-20d1b37db684:25696,4:96d33a16-3d9f-4d2c-809b-20d1b37db684:46567,2,5:96d33a16-3d9f-4d2c-809b-20d1b37db684:151739；5:96d33a16-3d9f-4d2c-809b-20d1b37db684:154524
supported_by_evidence,4:96d33a16-3d9f-4d2c-809b-20d1b37db684:25696,4:96d33a16-3d9f-4d2c-809b-20d1b37db684:46586,2,5:96d33a16-3d9f-4d2c-809b-20d1b37db684:151740；5:96d33a16-3d9f-4d2c-809b-20d1b37db684:154592
supported_by_evidence,4:96d33a16-3d9f-4d2c-809b-20d1b37db684:25696,4:96d33a16-3d9f-4d2c-809b-20d1b37db684:46617,2,5:96d33a16-3d9f-4d2c-809b-20d1b37db684:151741；5:96d33a16-3d9f-4d2c-809b-20d1b37db684:154608
supported_by_evidence,4:96d33a16-3d9f-4d2c-809b-20d1b37db684:25696,4:96d33a16-3d9f-4d2c-809b-20d1b37db684:46618,2,5:96d33a16-3d9f-4d2c-809b-20d1b37db684:151742；5:96d33a16-3d9f-4d2c-809b-20d1b37db684:154444
supported_by_evidence,4:96d33a16-3d9f-4d2c-809b-20d1b37db684:25696,4:96d33a16-3d9f-4d2c-809b-20d1b37db684:46619,2,5:96d33a16-3d9f-4d2c-809b-20d1b37db684:151743；5:96d33a16-3d9f-4d2c-809b-20d1b37db684:154588
supported_by_evidence,4:96d33a16-3d9f-4d2c-809b-20d1b37db684:25696,4:96d33a16-3d9f-4d2c-809b-20d1b37db684:46620,2,5:96d33a16-3d9f-4d2c-809b-20d1b37db684:151744；5:96d33a16-3d9f-4d2c-809b-20d1b37db684:154504
supported_by_evidence,4:96d33a16-3d9f-4d2c-809b-20d1b37db684:25696,4:96d33a16-3d9f-4d2c-809b-20d1b37db684:46621,2,5:96d33a16-3d9f-4d2c-809b-20d1b37db684:151745；5:96d33a16-3d9f-4d2c-809b-20d1b37db684:154587
supported_by_evidence,4:96d33a16-3d9f-4d2c-809b-20d1b37db684:25696,4:96d33a16-3d9f-4d2c-809b-20d1b37db684:46622,2,5:96d33a16-3d9f-4d2c-809b-20d1b37db684:151746；5:96d33a16-3d9f-4d2c-809b-20d1b37db684:154546
supported_by_evidence,4:96d33a16-3d9f-4d2c-809b-20d1b37db684:25696,4:96d33a16-3d9f-4d2c-809b-20d1b37db684:46623,2,5:96d33a16-3d9f-4d2c-809b-20d1b37db684:151747；5:96d33a16-3d9f-4d2c-809b-20d1b37db684:154639
supported_by_evidence,4:96d33a16-3d9f-4d2c-809b-20d1b37db684:25696,4:96d33a16-3d9f-4d2c-809b-20d1b37db684:46661,2,5:96d33a16-3d9f-4d2c-809b-20d1b37db684:151748；5:96d33a16-3d9f-4d2c-809b-20d1b37db684:154585
supported_by_evidence,4:96d33a16-3d9f-4d2c-809b-20d1b37db684:25696,4:96d33a16-3d9f-4d2c-809b-20d1b37db684:46665,2,5:96d33a16-3d9f-4d2c-809b-20d1b37db684:151749；5:96d33a16-3d9f-4d2c-809b-20d1b37db684:154559
supported_by_evidence,4:96d33a16-3d9f-4d2c-809b-20d1b37db684:25696,4:96d33a16-3d9f-4d2c-809b-20d1b37db684:46666,2,5:96d33a16-3d9f-4d2c-809b-20d1b37db684:151750；5:96d33a16-3d9f-4d2c-809b-20d1b37db684:154449
supported_by_evidence,4:96d33a16-3d9f-4d2c-809b-20d1b37db684:25696,4:96d33a16-3d9f-4d2c-809b-20d1b37db684:46667,2,5:96d33a16-3d9f-4d2c-809b-20d1b37db684:151751；5:96d33a16-3d9f-4d2c-809b-20d1b37db684:154437
supported_by_evidence,4:96d33a16-3d9f-4d2c-809b-20d1b37db684:25696,4:96d33a16-3d9f-4d2c-809b-20d1b37db684:46670,2,5:96d33a16-3d9f-4d2c-809b-20d1b37db684:151752；5:96d33a16-3d9f-4d2c-809b-20d1b37db684:154514
supported_by_evidence,4:96d33a16-3d9f-4d2c-809b-20d1b37db684:25696,4:96d33a16-3d9f-4d2c-809b-20d1b37db684:46671,2,5:96d33a16-3d9f-4d2c-809b-20d1b37db684:151753；5:96d33a16-3d9f-4d2c-809b-20d1b37db684:154498
supported_by_evidence,4:96d33a16-3d9f-4d2c-809b-20d1b37db684:25696,4:96d33a16-3d9f-4d2c-809b-20d1b37db684:46675,2,5:96d33a16-3d9f-4d2c-809b-20d1b37db684:151754；5:96d33a16-3d9f-4d2c-809b-20d1b37db684:154502
supported_by_evidence,4:96d33a16-3d9f-4d2c-809b-20d1b37db684:25696,4:96d33a16-3d9f-4d2c-809b-20d1b37db684:46677,2,5:96d33a16-3d9f-4d2c-809b-20d1b37db684:151755；5:96d33a16-3d9f-4d2c-809b-20d1b37db684:154478
supported_by_evidence,4:96d33a16-3d9f-4d2c-809b-20d1b37db684:25696,4:96d33a16-3d9f-4d2c-809b-20d1b37db684:46698,2,5:96d33a16-3d9f-4d2c-809b-20d1b37db684:151756；5:96d33a16-3d9f-4d2c-809b-20d1b37db684:154494
supported_by_evidence,4:96d33a16-3d9f-4d2c-809b-20d1b37db684:25696,4:96d33a16-3d9f-4d2c-809b-20d1b37db684:46708,2,5:96d33a16-3d9f-4d2c-809b-20d1b37db684:151757；5:96d33a16-3d9f-4d2c-809b-20d1b37db684:154635
supported_by_evidence,4:96d33a16-3d9f-4d2c-809b-20d1b37db684:25696,4:96d33a16-3d9f-4d2c-809b-20d1b37db684:46709,2,5:96d33a16-3d9f-4d2c-809b-20d1b37db684:151758；5:96d33a16-3d9f-4d2c-809b-20d1b37db684:154649
supported_by_evidence,4:96d33a16-3d9f-4d2c-809b-20d1b37db684:25696,4:96d33a16-3d9f-4d2c-809b-20d1b37db684:46710,2,5:96d33a16-3d9f-4d2c-809b-20d1b37db684:151759；5:96d33a16-3d9f-4d2c-809b-20d1b37db684:154533
supported_by_evidence,4:96d33a16-3d9f-4d2c-809b-20d1b37db684:25696,4:96d33a16-3d9f-4d2c-809b-20d1b37db684:46740,2,5:96d33a16-3d9f-4d2c-809b-20d1b37db684:151760；5:96d33a16-3d9f-4d2c-809b-20d1b37db684:154607
supported_by_evidence,4:96d33a16-3d9f-4d2c-809b-20d1b37db684:25696,4:96d33a16-3d9f-4d2c-809b-20d1b37db684:46766,2,5:96d33a16-3d9f-4d2c-809b-20d1b37db684:151761；5:96d33a16-3d9f-4d2c-809b-20d1b37db684:154530
supported_by_evidence,4:96d33a16-3d9f-4d2c-809b-20d1b37db684:25696,4:96d33a16-3d9f-4d2c-809b-20d1b37db684:46767,2,5:96d33a16-3d9f-4d2c-809b-20d1b37db684:151762；5:96d33a16-3d9f-4d2c-809b-20d1b37db684:154483
supported_by_evidence,4:96d33a16-3d9f-4d2c-809b-20d1b37db684:25696,4:96d33a16-3d9f-4d2c-809b-20d1b37db684:46768,2,5:96d33a16-3d9f-4d2c-809b-20d1b37db684:151763；5:96d33a16-3d9f-4d2c-809b-20d1b37db684:154528
supported_by_evidence,4:96d33a16-3d9f-4d2c-809b-20d1b37db684:25696,4:96d33a16-3d9f-4d2c-809b-20d1b37db684:46769,2,5:96d33a16-3d9f-4d2c-809b-20d1b37db684:151764；5:96d33a16-3d9f-4d2c-809b-20d1b37db684:154464
supported_by_evidence,4:96d33a16-3d9f-4d2c-809b-20d1b37db684:25696,4:96d33a16-3d9f-4d2c-809b-20d1b37db684:46774,2,5:96d33a16-3d9f-4d2c-809b-20d1b37db684:151765；5:96d33a16-3d9f-4d2c-809b-20d1b37db684:154529
supported_by_evidence,4:96d33a16-3d9f-4d2c-809b-20d1b37db684:25696,4:96d33a16-3d9f-4d2c-809b-20d1b37db684:46775,2,5:96d33a16-3d9f-4d2c-809b-20d1b37db684:151766；5:96d33a16-3d9f-4d2c-809b-20d1b37db684:154620
supported_by_evidence,4:96d33a16-3d9f-4d2c-809b-20d1b37db684:25696,4:96d33a16-3d9f-4d2c-809b-20d1b37db684:46777,2,5:96d33a16-3d9f-4d2c-809b-20d1b37db684:151767；5:96d33a16-3d9f-4d2c-809b-20d1b37db684:154452
supported_by_evidence,4:96d33a16-3d9f-4d2c-809b-20d1b37db684:25696,4:96d33a16-3d9f-4d2c-809b-20d1b37db684:46778,2,5:96d33a16-3d9f-4d2c-809b-20d1b37db684:151768；5:96d33a16-3d9f-4d2c-809b-20d1b37db684:154652
supported_by_evidence,4:96d33a16-3d9f-4d2c-809b-20d1b37db684:25696,4:96d33a16-3d9f-4d2c-809b-20d1b37db684:46779,2,5:96d33a16-3d9f-4d2c-809b-20d1b37db684:151769；5:96d33a16-3d9f-4d2c-809b-20d1b37db684:154460
supported_by_evidence,4:96d33a16-3d9f-4d2c-809b-20d1b37db684:25696,4:96d33a16-3d9f-4d2c-809b-20d1b37db684:46780,2,5:96d33a16-3d9f-4d2c-809b-20d1b37db684:151770；5:96d33a16-3d9f-4d2c-809b-20d1b37db684:154560
supported_by_evidence,4:96d33a16-3d9f-4d2c-809b-20d1b37db684:25696,4:96d33a16-3d9f-4d2c-809b-20d1b37db684:46781,2,5:96d33a16-3d9f-4d2c-809b-20d1b37db684:151771；5:96d33a16-3d9f-4d2c-809b-20d1b37db684:154508
supported_by_evidence,4:96d33a16-3d9f-4d2c-809b-20d1b37db684:25696,4:96d33a16-3d9f-4d2c-809b-20d1b37db684:46782,2,5:96d33a16-3d9f-4d2c-809b-20d1b37db684:151772；5:96d33a16-3d9f-4d2c-809b-20d1b37db684:154479
supported_by_evidence,4:96d33a16-3d9f-4d2c-809b-20d1b37db684:25696,4:96d33a16-3d9f-4d2c-809b-20d1b37db684:46790,2,5:96d33a16-3d9f-4d2c-809b-20d1b37db684:151773；5:96d33a16-3d9f-4d2c-809b-20d1b37db684:154565
supported_by_evidence,4:96d33a16-3d9f-4d2c-809b-20d1b37db684:25696,4:96d33a16-3d9f-4d2c-809b-20d1b37db684:46798,2,5:96d33a16-3d9f-4d2c-809b-20d1b37db684:151774；5:96d33a16-3d9f-4d2c-809b-20d1b37db684:154543
supported_by_evidence,4:96d33a16-3d9f-4d2c-809b-20d1b37db684:25696,4:96d33a16-3d9f-4d2c-809b-20d1b37db684:46808,2,5:96d33a16-3d9f-4d2c-809b-20d1b37db684:151775；5:96d33a16-3d9f-4d2c-809b-20d1b37db684:154582
supported_by_evidence,4:96d33a16-3d9f-4d2c-809b-20d1b37db684:25696,4:96d33a16-3d9f-4d2c-809b-20d1b37db684:46842,2,5:96d33a16-3d9f-4d2c-809b-20d1b37db684:151776；5:96d33a16-3d9f-4d2c-809b-20d1b37db684:154647
supported_by_evidence,4:96d33a16-3d9f-4d2c-809b-20d1b37db684:25696,4:96d33a16-3d9f-4d2c-809b-20d1b37db684:46843,2,5:96d33a16-3d9f-4d2c-809b-20d1b37db684:151777；5:96d33a16-3d9f-4d2c-809b-20d1b37db684:154512
supported_by_evidence,4:96d33a16-3d9f-4d2c-809b-20d1b37db684:25696,4:96d33a16-3d9f-4d2c-809b-20d1b37db684:46844,2,5:96d33a16-3d9f-4d2c-809b-20d1b37db684:151778；5:96d33a16-3d9f-4d2c-809b-20d1b37db684:154489
supported_by_evidence,4:96d33a16-3d9f-4d2c-809b-20d1b37db684:25696,4:96d33a16-3d9f-4d2c-809b-20d1b37db684:46845,2,5:96d33a16-3d9f-4d2c-809b-20d1b37db684:151779；5:96d33a16-3d9f-4d2c-809b-20d1b37db684:154486
supported_by_evidence,4:96d33a16-3d9f-4d2c-809b-20d1b37db684:25696,4:96d33a16-3d9f-4d2c-809b-20d1b37db684:46846,2,5:96d33a16-3d9f-4d2c-809b-20d1b37db684:151780；5:96d33a16-3d9f-4d2c-809b-20d1b37db684:154440
supported_by_evidence,4:96d33a16-3d9f-4d2c-809b-20d1b37db684:25696,4:96d33a16-3d9f-4d2c-809b-20d1b37db684:46847,2,5:96d33a16-3d9f-4d2c-809b-20d1b37db684:151781；5:96d33a16-3d9f-4d2c-809b-20d1b37db684:154561
supported_by_evidence,4:96d33a16-3d9f-4d2c-809b-20d1b37db684:25696,4:96d33a16-3d9f-4d2c-809b-20d1b37db684:46848,2,5:96d33a16-3d9f-4d2c-809b-20d1b37db684:151782；5:96d33a16-3d9f-4d2c-809b-20d1b37db684:154451
supported_by_evidence,4:96d33a16-3d9f-4d2c-809b-20d1b37db684:25696,4:96d33a16-3d9f-4d2c-809b-20d1b37db684:46851,2,5:96d33a16-3d9f-4d2c-809b-20d1b37db684:151783；5:96d33a16-3d9f-4d2c-809b-20d1b37db684:154465
supported_by_evidence,4:96d33a16-3d9f-4d2c-809b-20d1b37db684:25696,4:96d33a16-3d9f-4d2c-809b-20d1b37db684:46852,2,5:96d33a16-3d9f-4d2c-809b-20d1b37db684:151784；5:96d33a16-3d9f-4d2c-809b-20d1b37db684:154477
supported_by_evidence,4:96d33a16-3d9f-4d2c-809b-20d1b37db684:25696,4:96d33a16-3d9f-4d2c-809b-20d1b37db684:46853,2,5:96d33a16-3d9f-4d2c-809b-20d1b37db684:151785；5:96d33a16-3d9f-4d2c-809b-20d1b37db684:154624
supported_by_evidence,4:96d33a16-3d9f-4d2c-809b-20d1b37db684:25696,4:96d33a16-3d9f-4d2c-809b-20d1b37db684:46880,2,5:96d33a16-3d9f-4d2c-809b-20d1b37db684:151786；5:96d33a16-3d9f-4d2c-809b-20d1b37db684:154515
supported_by_evidence,4:96d33a16-3d9f-4d2c-809b-20d1b37db684:25696,4:96d33a16-3d9f-4d2c-809b-20d1b37db684:46902,2,5:96d33a16-3d9f-4d2c-809b-20d1b37db684:151787；5:96d33a16-3d9f-4d2c-809b-20d1b37db684:154569
supported_by_evidence,4:96d33a16-3d9f-4d2c-809b-20d1b37db684:25696,4:96d33a16-3d9f-4d2c-809b-20d1b37db684:46921,2,5:96d33a16-3d9f-4d2c-809b-20d1b37db684:151788；5:96d33a16-3d9f-4d2c-809b-20d1b37db684:154518
supported_by_evidence,4:96d33a16-3d9f-4d2c-809b-20d1b37db684:56532,4:96d33a16-3d9f-4d2c-809b-20d1b37db684:46347,1,5:96d33a16-3d9f-4d2c-809b-20d1b37db684:151911
supported_by_evidence,4:96d33a16-3d9f-4d2c-809b-20d1b37db684:56532,4:96d33a16-3d9f-4d2c-809b-20d1b37db684:46687,1,5:96d33a16-3d9f-4d2c-809b-20d1b37db684:151912
supported_by_evidence,4:96d33a16-3d9f-4d2c-809b-20d1b37db684:56532,4:96d33a16-3d9f-4d2c-809b-20d1b37db684:46688,1,5:96d33a16-3d9f-4d2c-809b-20d1b37db684:151913
treated_by_procedure,4:96d33a16-3d9f-4d2c-809b-20d1b37db684:44903,4:96d33a16-3d9f-4d2c-809b-20d1b37db684:25696,2,5:96d33a16-3d9f-4d2c-809b-20d1b37db684:147569；5:96d33a16-3d9f-4d2c-809b-20d1b37db684:154108
treated_by_procedure,4:96d33a16-3d9f-4d2c-809b-20d1b37db684:71,4:96d33a16-3d9f-4d2c-809b-20d1b37db684:25696,2,5:96d33a16-3d9f-4d2c-809b-20d1b37db684:154113；5:96d33a16-3d9f-4d2c-809b-20d1b37db684:52978
treated_by_procedure,4:96d33a16-3d9f-4d2c-809b-20d1b37db684:70,4:96d33a16-3d9f-4d2c-809b-20d1b37db684:25696,2,5:96d33a16-3d9f-4d2c-809b-20d1b37db684:154118；5:96d33a16-3d9f-4d2c-809b-20d1b37db684:52975
treated_by_procedure,4:96d33a16-3d9f-4d2c-809b-20d1b37db684:70,__CREATE_AORTIC_BALLOON__,2,5:96d33a16-3d9f-4d2c-809b-20d1b37db684:154120；5:96d33a16-3d9f-4d2c-809b-20d1b37db684:198267
treated_by_procedure,4:96d33a16-3d9f-4d2c-809b-20d1b37db684:73,4:96d33a16-3d9f-4d2c-809b-20d1b37db684:25696,2,5:96d33a16-3d9f-4d2c-809b-20d1b37db684:147566；5:96d33a16-3d9f-4d2c-809b-20d1b37db684:154124
treated_by_procedure,4:96d33a16-3d9f-4d2c-809b-20d1b37db684:72,4:96d33a16-3d9f-4d2c-809b-20d1b37db684:25696,2,5:96d33a16-3d9f-4d2c-809b-20d1b37db684:147570；5:96d33a16-3d9f-4d2c-809b-20d1b37db684:154129
treated_by_procedure,4:96d33a16-3d9f-4d2c-809b-20d1b37db684:74,4:96d33a16-3d9f-4d2c-809b-20d1b37db684:25696,2,5:96d33a16-3d9f-4d2c-809b-20d1b37db684:147568；5:96d33a16-3d9f-4d2c-809b-20d1b37db684:154134
treated_by_procedure,4:96d33a16-3d9f-4d2c-809b-20d1b37db684:44904,4:96d33a16-3d9f-4d2c-809b-20d1b37db684:25696,2,5:96d33a16-3d9f-4d2c-809b-20d1b37db684:147565；5:96d33a16-3d9f-4d2c-809b-20d1b37db684:154138
treated_by_procedure,4:96d33a16-3d9f-4d2c-809b-20d1b37db684:44906,4:96d33a16-3d9f-4d2c-809b-20d1b37db684:25696,2,5:96d33a16-3d9f-4d2c-809b-20d1b37db684:147571；5:96d33a16-3d9f-4d2c-809b-20d1b37db684:154146
has_recommended_action,4:96d33a16-3d9f-4d2c-809b-20d1b37db684:44659,4:96d33a16-3d9f-4d2c-809b-20d1b37db684:56532,1,5:96d33a16-3d9f-4d2c-809b-20d1b37db684:157786
has_recommended_action,4:96d33a16-3d9f-4d2c-809b-20d1b37db684:43768,4:96d33a16-3d9f-4d2c-809b-20d1b37db684:56532,1,5:96d33a16-3d9f-4d2c-809b-20d1b37db684:157811
has_recommended_action,4:96d33a16-3d9f-4d2c-809b-20d1b37db684:47709,4:96d33a16-3d9f-4d2c-809b-20d1b37db684:56532,1,5:96d33a16-3d9f-4d2c-809b-20d1b37db684:158412
includes_procedure,4:96d33a16-3d9f-4d2c-809b-20d1b37db684:49266,4:96d33a16-3d9f-4d2c-809b-20d1b37db684:56532,1,5:96d33a16-3d9f-4d2c-809b-20d1b37db684:159043
supported_by_evidence,4:96d33a16-3d9f-4d2c-809b-20d1b37db684:36850,4:96d33a16-3d9f-4d2c-809b-20d1b37db684:47969,2,5:96d33a16-3d9f-4d2c-809b-20d1b37db684:147131；5:96d33a16-3d9f-4d2c-809b-20d1b37db684:164068
supported_by_evidence,4:96d33a16-3d9f-4d2c-809b-20d1b37db684:36850,4:96d33a16-3d9f-4d2c-809b-20d1b37db684:47970,2,5:96d33a16-3d9f-4d2c-809b-20d1b37db684:147208；5:96d33a16-3d9f-4d2c-809b-20d1b37db684:164069
supported_by_evidence,4:96d33a16-3d9f-4d2c-809b-20d1b37db684:36850,4:96d33a16-3d9f-4d2c-809b-20d1b37db684:47971,2,5:96d33a16-3d9f-4d2c-809b-20d1b37db684:147091；5:96d33a16-3d9f-4d2c-809b-20d1b37db684:164070
supported_by_evidence,4:96d33a16-3d9f-4d2c-809b-20d1b37db684:36850,4:96d33a16-3d9f-4d2c-809b-20d1b37db684:47972,2,5:96d33a16-3d9f-4d2c-809b-20d1b37db684:147065；5:96d33a16-3d9f-4d2c-809b-20d1b37db684:164071
supported_by_evidence,4:96d33a16-3d9f-4d2c-809b-20d1b37db684:36850,4:96d33a16-3d9f-4d2c-809b-20d1b37db684:48058,2,5:96d33a16-3d9f-4d2c-809b-20d1b37db684:146977；5:96d33a16-3d9f-4d2c-809b-20d1b37db684:164072
supported_by_evidence,4:96d33a16-3d9f-4d2c-809b-20d1b37db684:36850,4:96d33a16-3d9f-4d2c-809b-20d1b37db684:48072,2,5:96d33a16-3d9f-4d2c-809b-20d1b37db684:156637；5:96d33a16-3d9f-4d2c-809b-20d1b37db684:164073
supported_by_evidence,4:96d33a16-3d9f-4d2c-809b-20d1b37db684:36850,4:96d33a16-3d9f-4d2c-809b-20d1b37db684:48073,2,5:96d33a16-3d9f-4d2c-809b-20d1b37db684:147013；5:96d33a16-3d9f-4d2c-809b-20d1b37db684:164074
supported_by_evidence,4:96d33a16-3d9f-4d2c-809b-20d1b37db684:36850,4:96d33a16-3d9f-4d2c-809b-20d1b37db684:48074,2,5:96d33a16-3d9f-4d2c-809b-20d1b37db684:146859；5:96d33a16-3d9f-4d2c-809b-20d1b37db684:164075
supported_by_evidence,4:96d33a16-3d9f-4d2c-809b-20d1b37db684:36850,4:96d33a16-3d9f-4d2c-809b-20d1b37db684:48232,2,5:96d33a16-3d9f-4d2c-809b-20d1b37db684:156647；5:96d33a16-3d9f-4d2c-809b-20d1b37db684:164076
supported_by_evidence,4:96d33a16-3d9f-4d2c-809b-20d1b37db684:36850,4:96d33a16-3d9f-4d2c-809b-20d1b37db684:48233,2,5:96d33a16-3d9f-4d2c-809b-20d1b37db684:146901；5:96d33a16-3d9f-4d2c-809b-20d1b37db684:164077
supported_by_evidence,4:96d33a16-3d9f-4d2c-809b-20d1b37db684:36850,4:96d33a16-3d9f-4d2c-809b-20d1b37db684:48234,2,5:96d33a16-3d9f-4d2c-809b-20d1b37db684:146949；5:96d33a16-3d9f-4d2c-809b-20d1b37db684:164078
supported_by_evidence,4:96d33a16-3d9f-4d2c-809b-20d1b37db684:36850,4:96d33a16-3d9f-4d2c-809b-20d1b37db684:48246,2,5:96d33a16-3d9f-4d2c-809b-20d1b37db684:146848；5:96d33a16-3d9f-4d2c-809b-20d1b37db684:164079
supported_by_evidence,4:96d33a16-3d9f-4d2c-809b-20d1b37db684:36850,4:96d33a16-3d9f-4d2c-809b-20d1b37db684:48263,2,5:96d33a16-3d9f-4d2c-809b-20d1b37db684:147119；5:96d33a16-3d9f-4d2c-809b-20d1b37db684:164080
supported_by_evidence,4:96d33a16-3d9f-4d2c-809b-20d1b37db684:36850,4:96d33a16-3d9f-4d2c-809b-20d1b37db684:48565,2,5:96d33a16-3d9f-4d2c-809b-20d1b37db684:147081；5:96d33a16-3d9f-4d2c-809b-20d1b37db684:164081
supported_by_evidence,4:96d33a16-3d9f-4d2c-809b-20d1b37db684:36850,4:96d33a16-3d9f-4d2c-809b-20d1b37db684:48566,2,5:96d33a16-3d9f-4d2c-809b-20d1b37db684:146888；5:96d33a16-3d9f-4d2c-809b-20d1b37db684:164082
supported_by_evidence,4:96d33a16-3d9f-4d2c-809b-20d1b37db684:36850,4:96d33a16-3d9f-4d2c-809b-20d1b37db684:48632,2,5:96d33a16-3d9f-4d2c-809b-20d1b37db684:146927；5:96d33a16-3d9f-4d2c-809b-20d1b37db684:164083
supported_by_evidence,4:96d33a16-3d9f-4d2c-809b-20d1b37db684:36850,4:96d33a16-3d9f-4d2c-809b-20d1b37db684:48658,2,5:96d33a16-3d9f-4d2c-809b-20d1b37db684:156634；5:96d33a16-3d9f-4d2c-809b-20d1b37db684:164084
supported_by_evidence,4:96d33a16-3d9f-4d2c-809b-20d1b37db684:36850,4:96d33a16-3d9f-4d2c-809b-20d1b37db684:48659,2,5:96d33a16-3d9f-4d2c-809b-20d1b37db684:146932；5:96d33a16-3d9f-4d2c-809b-20d1b37db684:164085
supported_by_evidence,4:96d33a16-3d9f-4d2c-809b-20d1b37db684:36850,4:96d33a16-3d9f-4d2c-809b-20d1b37db684:48660,2,5:96d33a16-3d9f-4d2c-809b-20d1b37db684:146829；5:96d33a16-3d9f-4d2c-809b-20d1b37db684:164086
supported_by_evidence,4:96d33a16-3d9f-4d2c-809b-20d1b37db684:36850,4:96d33a16-3d9f-4d2c-809b-20d1b37db684:48702,2,5:96d33a16-3d9f-4d2c-809b-20d1b37db684:146878；5:96d33a16-3d9f-4d2c-809b-20d1b37db684:164087
supported_by_evidence,4:96d33a16-3d9f-4d2c-809b-20d1b37db684:36850,4:96d33a16-3d9f-4d2c-809b-20d1b37db684:48703,2,5:96d33a16-3d9f-4d2c-809b-20d1b37db684:147106；5:96d33a16-3d9f-4d2c-809b-20d1b37db684:164088
supported_by_evidence,4:96d33a16-3d9f-4d2c-809b-20d1b37db684:36850,4:96d33a16-3d9f-4d2c-809b-20d1b37db684:48704,2,5:96d33a16-3d9f-4d2c-809b-20d1b37db684:146947；5:96d33a16-3d9f-4d2c-809b-20d1b37db684:164089
supported_by_evidence,4:96d33a16-3d9f-4d2c-809b-20d1b37db684:36850,4:96d33a16-3d9f-4d2c-809b-20d1b37db684:48705,2,5:96d33a16-3d9f-4d2c-809b-20d1b37db684:147040；5:96d33a16-3d9f-4d2c-809b-20d1b37db684:164090
supported_by_evidence,4:96d33a16-3d9f-4d2c-809b-20d1b37db684:36850,4:96d33a16-3d9f-4d2c-809b-20d1b37db684:48907,2,5:96d33a16-3d9f-4d2c-809b-20d1b37db684:147145；5:96d33a16-3d9f-4d2c-809b-20d1b37db684:164091
supported_by_evidence,4:96d33a16-3d9f-4d2c-809b-20d1b37db684:36850,4:96d33a16-3d9f-4d2c-809b-20d1b37db684:48908,2,5:96d33a16-3d9f-4d2c-809b-20d1b37db684:147099；5:96d33a16-3d9f-4d2c-809b-20d1b37db684:164092
supported_by_evidence,4:96d33a16-3d9f-4d2c-809b-20d1b37db684:36850,4:96d33a16-3d9f-4d2c-809b-20d1b37db684:48919,2,5:96d33a16-3d9f-4d2c-809b-20d1b37db684:146856；5:96d33a16-3d9f-4d2c-809b-20d1b37db684:164093
supported_by_evidence,4:96d33a16-3d9f-4d2c-809b-20d1b37db684:36850,4:96d33a16-3d9f-4d2c-809b-20d1b37db684:48920,2,5:96d33a16-3d9f-4d2c-809b-20d1b37db684:147172；5:96d33a16-3d9f-4d2c-809b-20d1b37db684:164094
supported_by_evidence,4:96d33a16-3d9f-4d2c-809b-20d1b37db684:36850,4:96d33a16-3d9f-4d2c-809b-20d1b37db684:48921,2,5:96d33a16-3d9f-4d2c-809b-20d1b37db684:146880；5:96d33a16-3d9f-4d2c-809b-20d1b37db684:164095
supported_by_evidence,4:96d33a16-3d9f-4d2c-809b-20d1b37db684:36850,4:96d33a16-3d9f-4d2c-809b-20d1b37db684:48922,2,5:96d33a16-3d9f-4d2c-809b-20d1b37db684:147147；5:96d33a16-3d9f-4d2c-809b-20d1b37db684:164096
supported_by_evidence,4:96d33a16-3d9f-4d2c-809b-20d1b37db684:36850,4:96d33a16-3d9f-4d2c-809b-20d1b37db684:48940,2,5:96d33a16-3d9f-4d2c-809b-20d1b37db684:156668；5:96d33a16-3d9f-4d2c-809b-20d1b37db684:164097
supported_by_evidence,4:96d33a16-3d9f-4d2c-809b-20d1b37db684:36850,4:96d33a16-3d9f-4d2c-809b-20d1b37db684:48941,2,5:96d33a16-3d9f-4d2c-809b-20d1b37db684:147109；5:96d33a16-3d9f-4d2c-809b-20d1b37db684:164098
supported_by_evidence,4:96d33a16-3d9f-4d2c-809b-20d1b37db684:36850,4:96d33a16-3d9f-4d2c-809b-20d1b37db684:48942,2,5:96d33a16-3d9f-4d2c-809b-20d1b37db684:146943；5:96d33a16-3d9f-4d2c-809b-20d1b37db684:164099
supported_by_evidence,4:96d33a16-3d9f-4d2c-809b-20d1b37db684:36850,4:96d33a16-3d9f-4d2c-809b-20d1b37db684:48943,2,5:96d33a16-3d9f-4d2c-809b-20d1b37db684:146990；5:96d33a16-3d9f-4d2c-809b-20d1b37db684:164100
supported_by_evidence,4:96d33a16-3d9f-4d2c-809b-20d1b37db684:36850,4:96d33a16-3d9f-4d2c-809b-20d1b37db684:48944,2,5:96d33a16-3d9f-4d2c-809b-20d1b37db684:147186；5:96d33a16-3d9f-4d2c-809b-20d1b37db684:164101
supported_by_evidence,4:96d33a16-3d9f-4d2c-809b-20d1b37db684:36850,4:96d33a16-3d9f-4d2c-809b-20d1b37db684:48946,2,5:96d33a16-3d9f-4d2c-809b-20d1b37db684:147122；5:96d33a16-3d9f-4d2c-809b-20d1b37db684:164102
supported_by_evidence,4:96d33a16-3d9f-4d2c-809b-20d1b37db684:36850,4:96d33a16-3d9f-4d2c-809b-20d1b37db684:48947,2,5:96d33a16-3d9f-4d2c-809b-20d1b37db684:146978；5:96d33a16-3d9f-4d2c-809b-20d1b37db684:164103
supported_by_evidence,4:96d33a16-3d9f-4d2c-809b-20d1b37db684:36850,4:96d33a16-3d9f-4d2c-809b-20d1b37db684:48948,2,5:96d33a16-3d9f-4d2c-809b-20d1b37db684:146863；5:96d33a16-3d9f-4d2c-809b-20d1b37db684:164104
supported_by_evidence,4:96d33a16-3d9f-4d2c-809b-20d1b37db684:36850,4:96d33a16-3d9f-4d2c-809b-20d1b37db684:49002,2,5:96d33a16-3d9f-4d2c-809b-20d1b37db684:146995；5:96d33a16-3d9f-4d2c-809b-20d1b37db684:164105
supported_by_evidence,4:96d33a16-3d9f-4d2c-809b-20d1b37db684:36850,4:96d33a16-3d9f-4d2c-809b-20d1b37db684:49003,2,5:96d33a16-3d9f-4d2c-809b-20d1b37db684:146815；5:96d33a16-3d9f-4d2c-809b-20d1b37db684:164106
supported_by_evidence,4:96d33a16-3d9f-4d2c-809b-20d1b37db684:36850,4:96d33a16-3d9f-4d2c-809b-20d1b37db684:49007,2,5:96d33a16-3d9f-4d2c-809b-20d1b37db684:147066；5:96d33a16-3d9f-4d2c-809b-20d1b37db684:164107
supported_by_evidence,4:96d33a16-3d9f-4d2c-809b-20d1b37db684:36850,4:96d33a16-3d9f-4d2c-809b-20d1b37db684:49077,2,5:96d33a16-3d9f-4d2c-809b-20d1b37db684:147029；5:96d33a16-3d9f-4d2c-809b-20d1b37db684:164108
supported_by_evidence,4:96d33a16-3d9f-4d2c-809b-20d1b37db684:36850,4:96d33a16-3d9f-4d2c-809b-20d1b37db684:49078,2,5:96d33a16-3d9f-4d2c-809b-20d1b37db684:156619；5:96d33a16-3d9f-4d2c-809b-20d1b37db684:164109
supported_by_evidence,4:96d33a16-3d9f-4d2c-809b-20d1b37db684:36850,4:96d33a16-3d9f-4d2c-809b-20d1b37db684:49186,2,5:96d33a16-3d9f-4d2c-809b-20d1b37db684:147161；5:96d33a16-3d9f-4d2c-809b-20d1b37db684:164110
supported_by_evidence,4:96d33a16-3d9f-4d2c-809b-20d1b37db684:36850,4:96d33a16-3d9f-4d2c-809b-20d1b37db684:49187,2,5:96d33a16-3d9f-4d2c-809b-20d1b37db684:146953；5:96d33a16-3d9f-4d2c-809b-20d1b37db684:164111
exam_has_indicator,4:96d33a16-3d9f-4d2c-809b-20d1b37db684:56530,4:96d33a16-3d9f-4d2c-809b-20d1b37db684:38907,1,5:96d33a16-3d9f-4d2c-809b-20d1b37db684:167365
exam_has_indicator,4:96d33a16-3d9f-4d2c-809b-20d1b37db684:56530,4:96d33a16-3d9f-4d2c-809b-20d1b37db684:38906,1,5:96d33a16-3d9f-4d2c-809b-20d1b37db684:167367
supported_by_evidence,4:96d33a16-3d9f-4d2c-809b-20d1b37db684:36850,4:96d33a16-3d9f-4d2c-809b-20d1b37db684:49578,2,5:96d33a16-3d9f-4d2c-809b-20d1b37db684:146809；5:96d33a16-3d9f-4d2c-809b-20d1b37db684:168405
supported_by_evidence,4:96d33a16-3d9f-4d2c-809b-20d1b37db684:36850,4:96d33a16-3d9f-4d2c-809b-20d1b37db684:35571,2,5:96d33a16-3d9f-4d2c-809b-20d1b37db684:146808；5:96d33a16-3d9f-4d2c-809b-20d1b37db684:168406
supported_by_evidence,4:96d33a16-3d9f-4d2c-809b-20d1b37db684:25696,4:96d33a16-3d9f-4d2c-809b-20d1b37db684:49536,2,5:96d33a16-3d9f-4d2c-809b-20d1b37db684:158285；5:96d33a16-3d9f-4d2c-809b-20d1b37db684:168448
supported_by_evidence,4:96d33a16-3d9f-4d2c-809b-20d1b37db684:25696,4:96d33a16-3d9f-4d2c-809b-20d1b37db684:49537,2,5:96d33a16-3d9f-4d2c-809b-20d1b37db684:158333；5:96d33a16-3d9f-4d2c-809b-20d1b37db684:168449
supported_by_evidence,4:96d33a16-3d9f-4d2c-809b-20d1b37db684:25696,4:96d33a16-3d9f-4d2c-809b-20d1b37db684:49780,2,5:96d33a16-3d9f-4d2c-809b-20d1b37db684:158319；5:96d33a16-3d9f-4d2c-809b-20d1b37db684:168450
supported_by_evidence,4:96d33a16-3d9f-4d2c-809b-20d1b37db684:25696,4:96d33a16-3d9f-4d2c-809b-20d1b37db684:49781,2,5:96d33a16-3d9f-4d2c-809b-20d1b37db684:158426；5:96d33a16-3d9f-4d2c-809b-20d1b37db684:168451
supported_by_evidence,4:96d33a16-3d9f-4d2c-809b-20d1b37db684:25696,4:96d33a16-3d9f-4d2c-809b-20d1b37db684:49782,2,5:96d33a16-3d9f-4d2c-809b-20d1b37db684:158415；5:96d33a16-3d9f-4d2c-809b-20d1b37db684:168452
supported_by_evidence,4:96d33a16-3d9f-4d2c-809b-20d1b37db684:36829,4:96d33a16-3d9f-4d2c-809b-20d1b37db684:43290,2,5:96d33a16-3d9f-4d2c-809b-20d1b37db684:157690；5:96d33a16-3d9f-4d2c-809b-20d1b37db684:168895
supported_by_evidence,4:96d33a16-3d9f-4d2c-809b-20d1b37db684:38501,4:96d33a16-3d9f-4d2c-809b-20d1b37db684:43290,2,5:96d33a16-3d9f-4d2c-809b-20d1b37db684:157770；5:96d33a16-3d9f-4d2c-809b-20d1b37db684:168897
supported_by_evidence,4:96d33a16-3d9f-4d2c-809b-20d1b37db684:25498,4:96d33a16-3d9f-4d2c-809b-20d1b37db684:55369,1,5:96d33a16-3d9f-4d2c-809b-20d1b37db684:168946
supported_by_evidence,4:96d33a16-3d9f-4d2c-809b-20d1b37db684:25498,4:96d33a16-3d9f-4d2c-809b-20d1b37db684:55370,1,5:96d33a16-3d9f-4d2c-809b-20d1b37db684:168949
supported_by_evidence,4:96d33a16-3d9f-4d2c-809b-20d1b37db684:25498,4:96d33a16-3d9f-4d2c-809b-20d1b37db684:55378,1,5:96d33a16-3d9f-4d2c-809b-20d1b37db684:168950
treated_by_procedure,4:96d33a16-3d9f-4d2c-809b-20d1b37db684:35054,4:96d33a16-3d9f-4d2c-809b-20d1b37db684:25696,2,5:96d33a16-3d9f-4d2c-809b-20d1b37db684:157879；5:96d33a16-3d9f-4d2c-809b-20d1b37db684:168995
treated_by_procedure,4:96d33a16-3d9f-4d2c-809b-20d1b37db684:35055,4:96d33a16-3d9f-4d2c-809b-20d1b37db684:25696,2,5:96d33a16-3d9f-4d2c-809b-20d1b37db684:157886；5:96d33a16-3d9f-4d2c-809b-20d1b37db684:168998
treated_by_procedure,4:96d33a16-3d9f-4d2c-809b-20d1b37db684:35058,4:96d33a16-3d9f-4d2c-809b-20d1b37db684:25696,2,5:96d33a16-3d9f-4d2c-809b-20d1b37db684:157845；5:96d33a16-3d9f-4d2c-809b-20d1b37db684:169000
supported_by_evidence,4:96d33a16-3d9f-4d2c-809b-20d1b37db684:36850,4:96d33a16-3d9f-4d2c-809b-20d1b37db684:50657,2,5:96d33a16-3d9f-4d2c-809b-20d1b37db684:146655；5:96d33a16-3d9f-4d2c-809b-20d1b37db684:174494
supported_by_evidence,4:96d33a16-3d9f-4d2c-809b-20d1b37db684:36850,4:96d33a16-3d9f-4d2c-809b-20d1b37db684:50660,2,5:96d33a16-3d9f-4d2c-809b-20d1b37db684:146592；5:96d33a16-3d9f-4d2c-809b-20d1b37db684:174495
supported_by_evidence,4:96d33a16-3d9f-4d2c-809b-20d1b37db684:36850,4:96d33a16-3d9f-4d2c-809b-20d1b37db684:50775,2,5:96d33a16-3d9f-4d2c-809b-20d1b37db684:146628；5:96d33a16-3d9f-4d2c-809b-20d1b37db684:174496
supported_by_evidence,4:96d33a16-3d9f-4d2c-809b-20d1b37db684:36850,4:96d33a16-3d9f-4d2c-809b-20d1b37db684:50792,2,5:96d33a16-3d9f-4d2c-809b-20d1b37db684:146796；5:96d33a16-3d9f-4d2c-809b-20d1b37db684:174497
supported_by_evidence,4:96d33a16-3d9f-4d2c-809b-20d1b37db684:36850,4:96d33a16-3d9f-4d2c-809b-20d1b37db684:50929,2,5:96d33a16-3d9f-4d2c-809b-20d1b37db684:146785；5:96d33a16-3d9f-4d2c-809b-20d1b37db684:174498
supported_by_evidence,4:96d33a16-3d9f-4d2c-809b-20d1b37db684:36850,4:96d33a16-3d9f-4d2c-809b-20d1b37db684:50935,2,5:96d33a16-3d9f-4d2c-809b-20d1b37db684:146746；5:96d33a16-3d9f-4d2c-809b-20d1b37db684:174499
supported_by_evidence,4:96d33a16-3d9f-4d2c-809b-20d1b37db684:36850,4:96d33a16-3d9f-4d2c-809b-20d1b37db684:50944,2,5:96d33a16-3d9f-4d2c-809b-20d1b37db684:146712；5:96d33a16-3d9f-4d2c-809b-20d1b37db684:174500
supported_by_evidence,4:96d33a16-3d9f-4d2c-809b-20d1b37db684:36850,4:96d33a16-3d9f-4d2c-809b-20d1b37db684:50945,2,5:96d33a16-3d9f-4d2c-809b-20d1b37db684:146630；5:96d33a16-3d9f-4d2c-809b-20d1b37db684:174501
supported_by_evidence,4:96d33a16-3d9f-4d2c-809b-20d1b37db684:36850,4:96d33a16-3d9f-4d2c-809b-20d1b37db684:50946,2,5:96d33a16-3d9f-4d2c-809b-20d1b37db684:146587；5:96d33a16-3d9f-4d2c-809b-20d1b37db684:174502
supported_by_evidence,4:96d33a16-3d9f-4d2c-809b-20d1b37db684:36850,4:96d33a16-3d9f-4d2c-809b-20d1b37db684:50954,2,5:96d33a16-3d9f-4d2c-809b-20d1b37db684:146649；5:96d33a16-3d9f-4d2c-809b-20d1b37db684:174503
supported_by_evidence,4:96d33a16-3d9f-4d2c-809b-20d1b37db684:36850,4:96d33a16-3d9f-4d2c-809b-20d1b37db684:50988,2,5:96d33a16-3d9f-4d2c-809b-20d1b37db684:146634；5:96d33a16-3d9f-4d2c-809b-20d1b37db684:174504
supported_by_evidence,4:96d33a16-3d9f-4d2c-809b-20d1b37db684:36850,4:96d33a16-3d9f-4d2c-809b-20d1b37db684:50989,2,5:96d33a16-3d9f-4d2c-809b-20d1b37db684:146632；5:96d33a16-3d9f-4d2c-809b-20d1b37db684:174505
supported_by_evidence,4:96d33a16-3d9f-4d2c-809b-20d1b37db684:36850,4:96d33a16-3d9f-4d2c-809b-20d1b37db684:50999,2,5:96d33a16-3d9f-4d2c-809b-20d1b37db684:146697；5:96d33a16-3d9f-4d2c-809b-20d1b37db684:174506
supported_by_evidence,4:96d33a16-3d9f-4d2c-809b-20d1b37db684:36850,4:96d33a16-3d9f-4d2c-809b-20d1b37db684:51026,2,5:96d33a16-3d9f-4d2c-809b-20d1b37db684:146804；5:96d33a16-3d9f-4d2c-809b-20d1b37db684:174507
supported_by_evidence,4:96d33a16-3d9f-4d2c-809b-20d1b37db684:36850,4:96d33a16-3d9f-4d2c-809b-20d1b37db684:51049,2,5:96d33a16-3d9f-4d2c-809b-20d1b37db684:146662；5:96d33a16-3d9f-4d2c-809b-20d1b37db684:174508
supported_by_evidence,4:96d33a16-3d9f-4d2c-809b-20d1b37db684:36850,4:96d33a16-3d9f-4d2c-809b-20d1b37db684:51339,2,5:96d33a16-3d9f-4d2c-809b-20d1b37db684:146792；5:96d33a16-3d9f-4d2c-809b-20d1b37db684:174509
supported_by_evidence,4:96d33a16-3d9f-4d2c-809b-20d1b37db684:36850,4:96d33a16-3d9f-4d2c-809b-20d1b37db684:51365,2,5:96d33a16-3d9f-4d2c-809b-20d1b37db684:146730；5:96d33a16-3d9f-4d2c-809b-20d1b37db684:174510
supported_by_evidence,4:96d33a16-3d9f-4d2c-809b-20d1b37db684:36850,4:96d33a16-3d9f-4d2c-809b-20d1b37db684:51394,2,5:96d33a16-3d9f-4d2c-809b-20d1b37db684:146741；5:96d33a16-3d9f-4d2c-809b-20d1b37db684:174511
supported_by_evidence,4:96d33a16-3d9f-4d2c-809b-20d1b37db684:36850,4:96d33a16-3d9f-4d2c-809b-20d1b37db684:51419,2,5:96d33a16-3d9f-4d2c-809b-20d1b37db684:146784；5:96d33a16-3d9f-4d2c-809b-20d1b37db684:174512
supported_by_evidence,4:96d33a16-3d9f-4d2c-809b-20d1b37db684:36850,4:96d33a16-3d9f-4d2c-809b-20d1b37db684:51469,2,5:96d33a16-3d9f-4d2c-809b-20d1b37db684:146588；5:96d33a16-3d9f-4d2c-809b-20d1b37db684:174513
supported_by_evidence,4:96d33a16-3d9f-4d2c-809b-20d1b37db684:25696,4:96d33a16-3d9f-4d2c-809b-20d1b37db684:50658,2,5:96d33a16-3d9f-4d2c-809b-20d1b37db684:158262；5:96d33a16-3d9f-4d2c-809b-20d1b37db684:174799
supported_by_evidence,4:96d33a16-3d9f-4d2c-809b-20d1b37db684:25696,4:96d33a16-3d9f-4d2c-809b-20d1b37db684:50773,2,5:96d33a16-3d9f-4d2c-809b-20d1b37db684:158283；5:96d33a16-3d9f-4d2c-809b-20d1b37db684:174800
supported_by_evidence,4:96d33a16-3d9f-4d2c-809b-20d1b37db684:25696,4:96d33a16-3d9f-4d2c-809b-20d1b37db684:50860,2,5:96d33a16-3d9f-4d2c-809b-20d1b37db684:158244；5:96d33a16-3d9f-4d2c-809b-20d1b37db684:174801
supported_by_evidence,4:96d33a16-3d9f-4d2c-809b-20d1b37db684:25696,4:96d33a16-3d9f-4d2c-809b-20d1b37db684:51247,2,5:96d33a16-3d9f-4d2c-809b-20d1b37db684:158222；5:96d33a16-3d9f-4d2c-809b-20d1b37db684:174802
supported_by_evidence,4:96d33a16-3d9f-4d2c-809b-20d1b37db684:25696,4:96d33a16-3d9f-4d2c-809b-20d1b37db684:51310,2,5:96d33a16-3d9f-4d2c-809b-20d1b37db684:158250；5:96d33a16-3d9f-4d2c-809b-20d1b37db684:174803
supported_by_evidence,4:96d33a16-3d9f-4d2c-809b-20d1b37db684:25696,4:96d33a16-3d9f-4d2c-809b-20d1b37db684:51367,2,5:96d33a16-3d9f-4d2c-809b-20d1b37db684:158232；5:96d33a16-3d9f-4d2c-809b-20d1b37db684:174804
has_diagnostic_component,4:96d33a16-3d9f-4d2c-809b-20d1b37db684:53077,4:96d33a16-3d9f-4d2c-809b-20d1b37db684:56530,1,5:96d33a16-3d9f-4d2c-809b-20d1b37db684:175922
has_diagnostic_component,4:96d33a16-3d9f-4d2c-809b-20d1b37db684:53075,4:96d33a16-3d9f-4d2c-809b-20d1b37db684:56530,1,5:96d33a16-3d9f-4d2c-809b-20d1b37db684:175923
has_diagnostic_component,4:96d33a16-3d9f-4d2c-809b-20d1b37db684:50566,4:96d33a16-3d9f-4d2c-809b-20d1b37db684:56530,1,5:96d33a16-3d9f-4d2c-809b-20d1b37db684:175924
has_diagnostic_component,4:96d33a16-3d9f-4d2c-809b-20d1b37db684:50568,4:96d33a16-3d9f-4d2c-809b-20d1b37db684:56530,1,5:96d33a16-3d9f-4d2c-809b-20d1b37db684:175925
supported_by_evidence,4:96d33a16-3d9f-4d2c-809b-20d1b37db684:56530,4:96d33a16-3d9f-4d2c-809b-20d1b37db684:53357,1,5:96d33a16-3d9f-4d2c-809b-20d1b37db684:175926
supported_by_evidence,4:96d33a16-3d9f-4d2c-809b-20d1b37db684:56530,4:96d33a16-3d9f-4d2c-809b-20d1b37db684:53176,1,5:96d33a16-3d9f-4d2c-809b-20d1b37db684:175927
supported_by_evidence,4:96d33a16-3d9f-4d2c-809b-20d1b37db684:56530,4:96d33a16-3d9f-4d2c-809b-20d1b37db684:53543,1,5:96d33a16-3d9f-4d2c-809b-20d1b37db684:175928
supported_by_evidence,4:96d33a16-3d9f-4d2c-809b-20d1b37db684:56530,4:96d33a16-3d9f-4d2c-809b-20d1b37db684:53426,1,5:96d33a16-3d9f-4d2c-809b-20d1b37db684:175929
treated_by_procedure,4:96d33a16-3d9f-4d2c-809b-20d1b37db684:50571,4:96d33a16-3d9f-4d2c-809b-20d1b37db684:25696,2,5:96d33a16-3d9f-4d2c-809b-20d1b37db684:176238；5:96d33a16-3d9f-4d2c-809b-20d1b37db684:43250
supported_by_evidence,4:96d33a16-3d9f-4d2c-809b-20d1b37db684:56530,4:96d33a16-3d9f-4d2c-809b-20d1b37db684:53427,1,5:96d33a16-3d9f-4d2c-809b-20d1b37db684:177819
supported_by_evidence,4:96d33a16-3d9f-4d2c-809b-20d1b37db684:56530,4:96d33a16-3d9f-4d2c-809b-20d1b37db684:53175,1,5:96d33a16-3d9f-4d2c-809b-20d1b37db684:177826
supported_by_evidence,4:96d33a16-3d9f-4d2c-809b-20d1b37db684:56530,4:96d33a16-3d9f-4d2c-809b-20d1b37db684:53602,1,5:96d33a16-3d9f-4d2c-809b-20d1b37db684:179734
supported_by_evidence,4:96d33a16-3d9f-4d2c-809b-20d1b37db684:56530,4:96d33a16-3d9f-4d2c-809b-20d1b37db684:53112,1,5:96d33a16-3d9f-4d2c-809b-20d1b37db684:179735
has_recommended_action,4:96d33a16-3d9f-4d2c-809b-20d1b37db684:52718,4:96d33a16-3d9f-4d2c-809b-20d1b37db684:56532,1,5:96d33a16-3d9f-4d2c-809b-20d1b37db684:180799
has_recommended_action,4:96d33a16-3d9f-4d2c-809b-20d1b37db684:53012,4:96d33a16-3d9f-4d2c-809b-20d1b37db684:56532,1,5:96d33a16-3d9f-4d2c-809b-20d1b37db684:181453
supported_by_evidence,4:96d33a16-3d9f-4d2c-809b-20d1b37db684:56530,4:96d33a16-3d9f-4d2c-809b-20d1b37db684:50584,1,5:96d33a16-3d9f-4d2c-809b-20d1b37db684:181615
supported_by_evidence,4:96d33a16-3d9f-4d2c-809b-20d1b37db684:56530,4:96d33a16-3d9f-4d2c-809b-20d1b37db684:51404,1,5:96d33a16-3d9f-4d2c-809b-20d1b37db684:181622
supported_by_evidence,4:96d33a16-3d9f-4d2c-809b-20d1b37db684:56530,4:96d33a16-3d9f-4d2c-809b-20d1b37db684:48755,1,5:96d33a16-3d9f-4d2c-809b-20d1b37db684:181632
includes_procedure,4:96d33a16-3d9f-4d2c-809b-20d1b37db684:53664,4:96d33a16-3d9f-4d2c-809b-20d1b37db684:56532,1,5:96d33a16-3d9f-4d2c-809b-20d1b37db684:181678
supported_by_evidence,4:96d33a16-3d9f-4d2c-809b-20d1b37db684:56530,4:96d33a16-3d9f-4d2c-809b-20d1b37db684:48754,1,5:96d33a16-3d9f-4d2c-809b-20d1b37db684:184608
supported_by_evidence,4:96d33a16-3d9f-4d2c-809b-20d1b37db684:56530,4:96d33a16-3d9f-4d2c-809b-20d1b37db684:48756,1,5:96d33a16-3d9f-4d2c-809b-20d1b37db684:184609
has_diagnostic_component,4:96d33a16-3d9f-4d2c-809b-20d1b37db684:50567,4:96d33a16-3d9f-4d2c-809b-20d1b37db684:36850,2,5:96d33a16-3d9f-4d2c-809b-20d1b37db684:145362；5:96d33a16-3d9f-4d2c-809b-20d1b37db684:187781
has_diagnostic_component,4:96d33a16-3d9f-4d2c-809b-20d1b37db684:50568,4:96d33a16-3d9f-4d2c-809b-20d1b37db684:36850,2,5:96d33a16-3d9f-4d2c-809b-20d1b37db684:145339；5:96d33a16-3d9f-4d2c-809b-20d1b37db684:187807
has_diagnostic_component,4:96d33a16-3d9f-4d2c-809b-20d1b37db684:50566,4:96d33a16-3d9f-4d2c-809b-20d1b37db684:36850,2,5:96d33a16-3d9f-4d2c-809b-20d1b37db684:145366；5:96d33a16-3d9f-4d2c-809b-20d1b37db684:187841
has_diagnostic_component,4:96d33a16-3d9f-4d2c-809b-20d1b37db684:50569,4:96d33a16-3d9f-4d2c-809b-20d1b37db684:36850,2,5:96d33a16-3d9f-4d2c-809b-20d1b37db684:145323；5:96d33a16-3d9f-4d2c-809b-20d1b37db684:187876
supported_by_evidence,4:96d33a16-3d9f-4d2c-809b-20d1b37db684:25512,4:96d33a16-3d9f-4d2c-809b-20d1b37db684:43513,1,5:96d33a16-3d9f-4d2c-809b-20d1b37db684:190555
supported_by_evidence,4:96d33a16-3d9f-4d2c-809b-20d1b37db684:25512,4:96d33a16-3d9f-4d2c-809b-20d1b37db684:43573,1,5:96d33a16-3d9f-4d2c-809b-20d1b37db684:190556
supported_by_evidence,4:96d33a16-3d9f-4d2c-809b-20d1b37db684:25512,4:96d33a16-3d9f-4d2c-809b-20d1b37db684:43540,1,5:96d33a16-3d9f-4d2c-809b-20d1b37db684:190557
supported_by_evidence,4:96d33a16-3d9f-4d2c-809b-20d1b37db684:25512,4:96d33a16-3d9f-4d2c-809b-20d1b37db684:43613,1,5:96d33a16-3d9f-4d2c-809b-20d1b37db684:190558
supported_by_evidence,4:96d33a16-3d9f-4d2c-809b-20d1b37db684:25512,4:96d33a16-3d9f-4d2c-809b-20d1b37db684:277,1,5:96d33a16-3d9f-4d2c-809b-20d1b37db684:190559
supported_by_evidence,4:96d33a16-3d9f-4d2c-809b-20d1b37db684:25512,4:96d33a16-3d9f-4d2c-809b-20d1b37db684:39431,1,5:96d33a16-3d9f-4d2c-809b-20d1b37db684:190560
supported_by_evidence,4:96d33a16-3d9f-4d2c-809b-20d1b37db684:25512,4:96d33a16-3d9f-4d2c-809b-20d1b37db684:43206,1,5:96d33a16-3d9f-4d2c-809b-20d1b37db684:190561
supported_by_evidence,4:96d33a16-3d9f-4d2c-809b-20d1b37db684:25512,4:96d33a16-3d9f-4d2c-809b-20d1b37db684:43263,1,5:96d33a16-3d9f-4d2c-809b-20d1b37db684:190562
supported_by_evidence,4:96d33a16-3d9f-4d2c-809b-20d1b37db684:25512,4:96d33a16-3d9f-4d2c-809b-20d1b37db684:54590,1,5:96d33a16-3d9f-4d2c-809b-20d1b37db684:190563
supported_by_evidence,4:96d33a16-3d9f-4d2c-809b-20d1b37db684:25512,4:96d33a16-3d9f-4d2c-809b-20d1b37db684:54694,1,5:96d33a16-3d9f-4d2c-809b-20d1b37db684:190564
supported_by_evidence,4:96d33a16-3d9f-4d2c-809b-20d1b37db684:25512,4:96d33a16-3d9f-4d2c-809b-20d1b37db684:54698,1,5:96d33a16-3d9f-4d2c-809b-20d1b37db684:190565
supported_by_evidence,4:96d33a16-3d9f-4d2c-809b-20d1b37db684:25512,4:96d33a16-3d9f-4d2c-809b-20d1b37db684:54739,1,5:96d33a16-3d9f-4d2c-809b-20d1b37db684:190566
supported_by_evidence,4:96d33a16-3d9f-4d2c-809b-20d1b37db684:25512,4:96d33a16-3d9f-4d2c-809b-20d1b37db684:54844,1,5:96d33a16-3d9f-4d2c-809b-20d1b37db684:190567
supported_by_evidence,4:96d33a16-3d9f-4d2c-809b-20d1b37db684:25512,4:96d33a16-3d9f-4d2c-809b-20d1b37db684:54885,1,5:96d33a16-3d9f-4d2c-809b-20d1b37db684:190568
supported_by_evidence,4:96d33a16-3d9f-4d2c-809b-20d1b37db684:25512,4:96d33a16-3d9f-4d2c-809b-20d1b37db684:54978,1,5:96d33a16-3d9f-4d2c-809b-20d1b37db684:190569
supported_by_evidence,4:96d33a16-3d9f-4d2c-809b-20d1b37db684:25512,4:96d33a16-3d9f-4d2c-809b-20d1b37db684:54990,1,5:96d33a16-3d9f-4d2c-809b-20d1b37db684:190570
supported_by_evidence,4:96d33a16-3d9f-4d2c-809b-20d1b37db684:25512,4:96d33a16-3d9f-4d2c-809b-20d1b37db684:55035,1,5:96d33a16-3d9f-4d2c-809b-20d1b37db684:190571
supported_by_evidence,4:96d33a16-3d9f-4d2c-809b-20d1b37db684:25512,4:96d33a16-3d9f-4d2c-809b-20d1b37db684:55043,1,5:96d33a16-3d9f-4d2c-809b-20d1b37db684:190572
supported_by_evidence,4:96d33a16-3d9f-4d2c-809b-20d1b37db684:25512,4:96d33a16-3d9f-4d2c-809b-20d1b37db684:55098,1,5:96d33a16-3d9f-4d2c-809b-20d1b37db684:190573
supported_by_evidence,4:96d33a16-3d9f-4d2c-809b-20d1b37db684:25512,4:96d33a16-3d9f-4d2c-809b-20d1b37db684:55109,1,5:96d33a16-3d9f-4d2c-809b-20d1b37db684:190574
supported_by_evidence,4:96d33a16-3d9f-4d2c-809b-20d1b37db684:25512,4:96d33a16-3d9f-4d2c-809b-20d1b37db684:55110,1,5:96d33a16-3d9f-4d2c-809b-20d1b37db684:190575
supported_by_evidence,4:96d33a16-3d9f-4d2c-809b-20d1b37db684:25512,4:96d33a16-3d9f-4d2c-809b-20d1b37db684:55258,1,5:96d33a16-3d9f-4d2c-809b-20d1b37db684:190576
supported_by_evidence,4:96d33a16-3d9f-4d2c-809b-20d1b37db684:25512,4:96d33a16-3d9f-4d2c-809b-20d1b37db684:55270,1,5:96d33a16-3d9f-4d2c-809b-20d1b37db684:190577
supported_by_evidence,4:96d33a16-3d9f-4d2c-809b-20d1b37db684:25512,4:96d33a16-3d9f-4d2c-809b-20d1b37db684:55346,1,5:96d33a16-3d9f-4d2c-809b-20d1b37db684:190578
supported_by_evidence,4:96d33a16-3d9f-4d2c-809b-20d1b37db684:25512,4:96d33a16-3d9f-4d2c-809b-20d1b37db684:55369,1,5:96d33a16-3d9f-4d2c-809b-20d1b37db684:190579
supported_by_evidence,4:96d33a16-3d9f-4d2c-809b-20d1b37db684:25512,4:96d33a16-3d9f-4d2c-809b-20d1b37db684:55378,1,5:96d33a16-3d9f-4d2c-809b-20d1b37db684:190580
supported_by_evidence,4:96d33a16-3d9f-4d2c-809b-20d1b37db684:25512,4:96d33a16-3d9f-4d2c-809b-20d1b37db684:55431,1,5:96d33a16-3d9f-4d2c-809b-20d1b37db684:190581
supported_by_evidence,4:96d33a16-3d9f-4d2c-809b-20d1b37db684:25512,4:96d33a16-3d9f-4d2c-809b-20d1b37db684:55486,1,5:96d33a16-3d9f-4d2c-809b-20d1b37db684:190582
supported_by_evidence,4:96d33a16-3d9f-4d2c-809b-20d1b37db684:25512,4:96d33a16-3d9f-4d2c-809b-20d1b37db684:55526,1,5:96d33a16-3d9f-4d2c-809b-20d1b37db684:190583
supported_by_evidence,4:96d33a16-3d9f-4d2c-809b-20d1b37db684:25512,4:96d33a16-3d9f-4d2c-809b-20d1b37db684:55551,1,5:96d33a16-3d9f-4d2c-809b-20d1b37db684:190584
supported_by_evidence,4:96d33a16-3d9f-4d2c-809b-20d1b37db684:25512,4:96d33a16-3d9f-4d2c-809b-20d1b37db684:55561,1,5:96d33a16-3d9f-4d2c-809b-20d1b37db684:190585
supported_by_evidence,4:96d33a16-3d9f-4d2c-809b-20d1b37db684:25512,4:96d33a16-3d9f-4d2c-809b-20d1b37db684:55564,1,5:96d33a16-3d9f-4d2c-809b-20d1b37db684:190586
supported_by_evidence,4:96d33a16-3d9f-4d2c-809b-20d1b37db684:25512,4:96d33a16-3d9f-4d2c-809b-20d1b37db684:55566,1,5:96d33a16-3d9f-4d2c-809b-20d1b37db684:190587
supported_by_evidence,4:96d33a16-3d9f-4d2c-809b-20d1b37db684:25512,4:96d33a16-3d9f-4d2c-809b-20d1b37db684:55605,1,5:96d33a16-3d9f-4d2c-809b-20d1b37db684:190588
supported_by_evidence,4:96d33a16-3d9f-4d2c-809b-20d1b37db684:25512,4:96d33a16-3d9f-4d2c-809b-20d1b37db684:55685,1,5:96d33a16-3d9f-4d2c-809b-20d1b37db684:190589
supported_by_evidence,4:96d33a16-3d9f-4d2c-809b-20d1b37db684:25512,4:96d33a16-3d9f-4d2c-809b-20d1b37db684:55741,1,5:96d33a16-3d9f-4d2c-809b-20d1b37db684:190590
supported_by_evidence,4:96d33a16-3d9f-4d2c-809b-20d1b37db684:25512,4:96d33a16-3d9f-4d2c-809b-20d1b37db684:55776,1,5:96d33a16-3d9f-4d2c-809b-20d1b37db684:190591
supported_by_evidence,4:96d33a16-3d9f-4d2c-809b-20d1b37db684:25512,4:96d33a16-3d9f-4d2c-809b-20d1b37db684:55893,1,5:96d33a16-3d9f-4d2c-809b-20d1b37db684:190592
supported_by_evidence,4:96d33a16-3d9f-4d2c-809b-20d1b37db684:25512,4:96d33a16-3d9f-4d2c-809b-20d1b37db684:55920,1,5:96d33a16-3d9f-4d2c-809b-20d1b37db684:190593
supported_by_evidence,4:96d33a16-3d9f-4d2c-809b-20d1b37db684:25512,4:96d33a16-3d9f-4d2c-809b-20d1b37db684:55980,1,5:96d33a16-3d9f-4d2c-809b-20d1b37db684:190594
supported_by_evidence,4:96d33a16-3d9f-4d2c-809b-20d1b37db684:25512,4:96d33a16-3d9f-4d2c-809b-20d1b37db684:56093,1,5:96d33a16-3d9f-4d2c-809b-20d1b37db684:190595
supported_by_evidence,4:96d33a16-3d9f-4d2c-809b-20d1b37db684:25512,4:96d33a16-3d9f-4d2c-809b-20d1b37db684:56128,1,5:96d33a16-3d9f-4d2c-809b-20d1b37db684:190596
supported_by_evidence,4:96d33a16-3d9f-4d2c-809b-20d1b37db684:25512,4:96d33a16-3d9f-4d2c-809b-20d1b37db684:56165,1,5:96d33a16-3d9f-4d2c-809b-20d1b37db684:190597
supported_by_evidence,4:96d33a16-3d9f-4d2c-809b-20d1b37db684:25512,4:96d33a16-3d9f-4d2c-809b-20d1b37db684:56196,1,5:96d33a16-3d9f-4d2c-809b-20d1b37db684:190598
supported_by_evidence,4:96d33a16-3d9f-4d2c-809b-20d1b37db684:25512,4:96d33a16-3d9f-4d2c-809b-20d1b37db684:56222,1,5:96d33a16-3d9f-4d2c-809b-20d1b37db684:190599
supported_by_evidence,4:96d33a16-3d9f-4d2c-809b-20d1b37db684:25512,4:96d33a16-3d9f-4d2c-809b-20d1b37db684:56223,1,5:96d33a16-3d9f-4d2c-809b-20d1b37db684:190600
supported_by_evidence,4:96d33a16-3d9f-4d2c-809b-20d1b37db684:25512,4:96d33a16-3d9f-4d2c-809b-20d1b37db684:56252,1,5:96d33a16-3d9f-4d2c-809b-20d1b37db684:190601
supported_by_evidence,4:96d33a16-3d9f-4d2c-809b-20d1b37db684:25512,4:96d33a16-3d9f-4d2c-809b-20d1b37db684:56334,1,5:96d33a16-3d9f-4d2c-809b-20d1b37db684:190602
supported_by_evidence,4:96d33a16-3d9f-4d2c-809b-20d1b37db684:25512,4:96d33a16-3d9f-4d2c-809b-20d1b37db684:56350,1,5:96d33a16-3d9f-4d2c-809b-20d1b37db684:190603
supported_by_evidence,4:96d33a16-3d9f-4d2c-809b-20d1b37db684:25512,4:96d33a16-3d9f-4d2c-809b-20d1b37db684:56379,1,5:96d33a16-3d9f-4d2c-809b-20d1b37db684:190604
supported_by_evidence,4:96d33a16-3d9f-4d2c-809b-20d1b37db684:25512,4:96d33a16-3d9f-4d2c-809b-20d1b37db684:56444,1,5:96d33a16-3d9f-4d2c-809b-20d1b37db684:190605
supported_by_evidence,4:96d33a16-3d9f-4d2c-809b-20d1b37db684:25512,4:96d33a16-3d9f-4d2c-809b-20d1b37db684:56512,1,5:96d33a16-3d9f-4d2c-809b-20d1b37db684:190606
supported_by_evidence,4:96d33a16-3d9f-4d2c-809b-20d1b37db684:36850,4:96d33a16-3d9f-4d2c-809b-20d1b37db684:43571,1,5:96d33a16-3d9f-4d2c-809b-20d1b37db684:190663
supported_by_evidence,4:96d33a16-3d9f-4d2c-809b-20d1b37db684:36850,4:96d33a16-3d9f-4d2c-809b-20d1b37db684:43561,1,5:96d33a16-3d9f-4d2c-809b-20d1b37db684:190664
supported_by_evidence,4:96d33a16-3d9f-4d2c-809b-20d1b37db684:36850,4:96d33a16-3d9f-4d2c-809b-20d1b37db684:43594,1,5:96d33a16-3d9f-4d2c-809b-20d1b37db684:190665
supported_by_evidence,4:96d33a16-3d9f-4d2c-809b-20d1b37db684:36850,4:96d33a16-3d9f-4d2c-809b-20d1b37db684:37248,1,5:96d33a16-3d9f-4d2c-809b-20d1b37db684:190666
supported_by_evidence,4:96d33a16-3d9f-4d2c-809b-20d1b37db684:36850,4:96d33a16-3d9f-4d2c-809b-20d1b37db684:43427,1,5:96d33a16-3d9f-4d2c-809b-20d1b37db684:190667
supported_by_evidence,4:96d33a16-3d9f-4d2c-809b-20d1b37db684:36850,4:96d33a16-3d9f-4d2c-809b-20d1b37db684:54715,1,5:96d33a16-3d9f-4d2c-809b-20d1b37db684:190668
supported_by_evidence,4:96d33a16-3d9f-4d2c-809b-20d1b37db684:36850,4:96d33a16-3d9f-4d2c-809b-20d1b37db684:54732,1,5:96d33a16-3d9f-4d2c-809b-20d1b37db684:190669
supported_by_evidence,4:96d33a16-3d9f-4d2c-809b-20d1b37db684:36850,4:96d33a16-3d9f-4d2c-809b-20d1b37db684:54762,1,5:96d33a16-3d9f-4d2c-809b-20d1b37db684:190670
supported_by_evidence,4:96d33a16-3d9f-4d2c-809b-20d1b37db684:36850,4:96d33a16-3d9f-4d2c-809b-20d1b37db684:54972,1,5:96d33a16-3d9f-4d2c-809b-20d1b37db684:190671
supported_by_evidence,4:96d33a16-3d9f-4d2c-809b-20d1b37db684:36850,4:96d33a16-3d9f-4d2c-809b-20d1b37db684:55086,1,5:96d33a16-3d9f-4d2c-809b-20d1b37db684:190672
supported_by_evidence,4:96d33a16-3d9f-4d2c-809b-20d1b37db684:36850,4:96d33a16-3d9f-4d2c-809b-20d1b37db684:55089,1,5:96d33a16-3d9f-4d2c-809b-20d1b37db684:190673
supported_by_evidence,4:96d33a16-3d9f-4d2c-809b-20d1b37db684:36850,4:96d33a16-3d9f-4d2c-809b-20d1b37db684:55118,1,5:96d33a16-3d9f-4d2c-809b-20d1b37db684:190674
supported_by_evidence,4:96d33a16-3d9f-4d2c-809b-20d1b37db684:36850,4:96d33a16-3d9f-4d2c-809b-20d1b37db684:55141,1,5:96d33a16-3d9f-4d2c-809b-20d1b37db684:190675
supported_by_evidence,4:96d33a16-3d9f-4d2c-809b-20d1b37db684:36850,4:96d33a16-3d9f-4d2c-809b-20d1b37db684:55180,1,5:96d33a16-3d9f-4d2c-809b-20d1b37db684:190676
supported_by_evidence,4:96d33a16-3d9f-4d2c-809b-20d1b37db684:36850,4:96d33a16-3d9f-4d2c-809b-20d1b37db684:55418,1,5:96d33a16-3d9f-4d2c-809b-20d1b37db684:190677
supported_by_evidence,4:96d33a16-3d9f-4d2c-809b-20d1b37db684:36850,4:96d33a16-3d9f-4d2c-809b-20d1b37db684:55485,1,5:96d33a16-3d9f-4d2c-809b-20d1b37db684:190678
supported_by_evidence,4:96d33a16-3d9f-4d2c-809b-20d1b37db684:36850,4:96d33a16-3d9f-4d2c-809b-20d1b37db684:55526,1,5:96d33a16-3d9f-4d2c-809b-20d1b37db684:190679
supported_by_evidence,4:96d33a16-3d9f-4d2c-809b-20d1b37db684:36850,4:96d33a16-3d9f-4d2c-809b-20d1b37db684:55859,1,5:96d33a16-3d9f-4d2c-809b-20d1b37db684:190680
supported_by_evidence,4:96d33a16-3d9f-4d2c-809b-20d1b37db684:36850,4:96d33a16-3d9f-4d2c-809b-20d1b37db684:55886,1,5:96d33a16-3d9f-4d2c-809b-20d1b37db684:190681
supported_by_evidence,4:96d33a16-3d9f-4d2c-809b-20d1b37db684:36850,4:96d33a16-3d9f-4d2c-809b-20d1b37db684:55893,1,5:96d33a16-3d9f-4d2c-809b-20d1b37db684:190682
supported_by_evidence,4:96d33a16-3d9f-4d2c-809b-20d1b37db684:36850,4:96d33a16-3d9f-4d2c-809b-20d1b37db684:56094,1,5:96d33a16-3d9f-4d2c-809b-20d1b37db684:190683
supported_by_evidence,4:96d33a16-3d9f-4d2c-809b-20d1b37db684:36850,4:96d33a16-3d9f-4d2c-809b-20d1b37db684:56258,1,5:96d33a16-3d9f-4d2c-809b-20d1b37db684:190684
supported_by_evidence,4:96d33a16-3d9f-4d2c-809b-20d1b37db684:36850,4:96d33a16-3d9f-4d2c-809b-20d1b37db684:56275,1,5:96d33a16-3d9f-4d2c-809b-20d1b37db684:190685
supported_by_evidence,4:96d33a16-3d9f-4d2c-809b-20d1b37db684:36850,4:96d33a16-3d9f-4d2c-809b-20d1b37db684:56309,1,5:96d33a16-3d9f-4d2c-809b-20d1b37db684:190686
supported_by_evidence,4:96d33a16-3d9f-4d2c-809b-20d1b37db684:36850,4:96d33a16-3d9f-4d2c-809b-20d1b37db684:56461,1,5:96d33a16-3d9f-4d2c-809b-20d1b37db684:190687
supported_by_evidence,4:96d33a16-3d9f-4d2c-809b-20d1b37db684:25696,4:96d33a16-3d9f-4d2c-809b-20d1b37db684:43509,1,5:96d33a16-3d9f-4d2c-809b-20d1b37db684:191080
supported_by_evidence,4:96d33a16-3d9f-4d2c-809b-20d1b37db684:25696,4:96d33a16-3d9f-4d2c-809b-20d1b37db684:43561,1,5:96d33a16-3d9f-4d2c-809b-20d1b37db684:191081
supported_by_evidence,4:96d33a16-3d9f-4d2c-809b-20d1b37db684:25696,4:96d33a16-3d9f-4d2c-809b-20d1b37db684:43554,1,5:96d33a16-3d9f-4d2c-809b-20d1b37db684:191082
supported_by_evidence,4:96d33a16-3d9f-4d2c-809b-20d1b37db684:25696,4:96d33a16-3d9f-4d2c-809b-20d1b37db684:26212,1,5:96d33a16-3d9f-4d2c-809b-20d1b37db684:191083
supported_by_evidence,4:96d33a16-3d9f-4d2c-809b-20d1b37db684:25696,4:96d33a16-3d9f-4d2c-809b-20d1b37db684:43355,1,5:96d33a16-3d9f-4d2c-809b-20d1b37db684:191084
supported_by_evidence,4:96d33a16-3d9f-4d2c-809b-20d1b37db684:25696,4:96d33a16-3d9f-4d2c-809b-20d1b37db684:43276,1,5:96d33a16-3d9f-4d2c-809b-20d1b37db684:191085
supported_by_evidence,4:96d33a16-3d9f-4d2c-809b-20d1b37db684:25696,4:96d33a16-3d9f-4d2c-809b-20d1b37db684:43627,1,5:96d33a16-3d9f-4d2c-809b-20d1b37db684:191086
supported_by_evidence,4:96d33a16-3d9f-4d2c-809b-20d1b37db684:25696,4:96d33a16-3d9f-4d2c-809b-20d1b37db684:43206,1,5:96d33a16-3d9f-4d2c-809b-20d1b37db684:191087
supported_by_evidence,4:96d33a16-3d9f-4d2c-809b-20d1b37db684:25696,4:96d33a16-3d9f-4d2c-809b-20d1b37db684:43324,1,5:96d33a16-3d9f-4d2c-809b-20d1b37db684:191088
supported_by_evidence,4:96d33a16-3d9f-4d2c-809b-20d1b37db684:25696,4:96d33a16-3d9f-4d2c-809b-20d1b37db684:43390,1,5:96d33a16-3d9f-4d2c-809b-20d1b37db684:191089
supported_by_evidence,4:96d33a16-3d9f-4d2c-809b-20d1b37db684:25696,4:96d33a16-3d9f-4d2c-809b-20d1b37db684:54590,1,5:96d33a16-3d9f-4d2c-809b-20d1b37db684:191090
supported_by_evidence,4:96d33a16-3d9f-4d2c-809b-20d1b37db684:25696,4:96d33a16-3d9f-4d2c-809b-20d1b37db684:54628,1,5:96d33a16-3d9f-4d2c-809b-20d1b37db684:191091
supported_by_evidence,4:96d33a16-3d9f-4d2c-809b-20d1b37db684:25696,4:96d33a16-3d9f-4d2c-809b-20d1b37db684:54641,1,5:96d33a16-3d9f-4d2c-809b-20d1b37db684:191092
supported_by_evidence,4:96d33a16-3d9f-4d2c-809b-20d1b37db684:25696,4:96d33a16-3d9f-4d2c-809b-20d1b37db684:54657,1,5:96d33a16-3d9f-4d2c-809b-20d1b37db684:191093
supported_by_evidence,4:96d33a16-3d9f-4d2c-809b-20d1b37db684:25696,4:96d33a16-3d9f-4d2c-809b-20d1b37db684:54762,1,5:96d33a16-3d9f-4d2c-809b-20d1b37db684:191094
supported_by_evidence,4:96d33a16-3d9f-4d2c-809b-20d1b37db684:25696,4:96d33a16-3d9f-4d2c-809b-20d1b37db684:54767,1,5:96d33a16-3d9f-4d2c-809b-20d1b37db684:191095
supported_by_evidence,4:96d33a16-3d9f-4d2c-809b-20d1b37db684:25696,4:96d33a16-3d9f-4d2c-809b-20d1b37db684:54768,1,5:96d33a16-3d9f-4d2c-809b-20d1b37db684:191096
supported_by_evidence,4:96d33a16-3d9f-4d2c-809b-20d1b37db684:25696,4:96d33a16-3d9f-4d2c-809b-20d1b37db684:54789,1,5:96d33a16-3d9f-4d2c-809b-20d1b37db684:191097
supported_by_evidence,4:96d33a16-3d9f-4d2c-809b-20d1b37db684:25696,4:96d33a16-3d9f-4d2c-809b-20d1b37db684:54832,1,5:96d33a16-3d9f-4d2c-809b-20d1b37db684:191098
supported_by_evidence,4:96d33a16-3d9f-4d2c-809b-20d1b37db684:25696,4:96d33a16-3d9f-4d2c-809b-20d1b37db684:54888,1,5:96d33a16-3d9f-4d2c-809b-20d1b37db684:191099
supported_by_evidence,4:96d33a16-3d9f-4d2c-809b-20d1b37db684:25696,4:96d33a16-3d9f-4d2c-809b-20d1b37db684:54916,1,5:96d33a16-3d9f-4d2c-809b-20d1b37db684:191100
supported_by_evidence,4:96d33a16-3d9f-4d2c-809b-20d1b37db684:25696,4:96d33a16-3d9f-4d2c-809b-20d1b37db684:54964,1,5:96d33a16-3d9f-4d2c-809b-20d1b37db684:191101
supported_by_evidence,4:96d33a16-3d9f-4d2c-809b-20d1b37db684:25696,4:96d33a16-3d9f-4d2c-809b-20d1b37db684:55002,1,5:96d33a16-3d9f-4d2c-809b-20d1b37db684:191102
supported_by_evidence,4:96d33a16-3d9f-4d2c-809b-20d1b37db684:25696,4:96d33a16-3d9f-4d2c-809b-20d1b37db684:55035,1,5:96d33a16-3d9f-4d2c-809b-20d1b37db684:191103
supported_by_evidence,4:96d33a16-3d9f-4d2c-809b-20d1b37db684:25696,4:96d33a16-3d9f-4d2c-809b-20d1b37db684:55038,1,5:96d33a16-3d9f-4d2c-809b-20d1b37db684:191104
supported_by_evidence,4:96d33a16-3d9f-4d2c-809b-20d1b37db684:25696,4:96d33a16-3d9f-4d2c-809b-20d1b37db684:55086,1,5:96d33a16-3d9f-4d2c-809b-20d1b37db684:191105
supported_by_evidence,4:96d33a16-3d9f-4d2c-809b-20d1b37db684:25696,4:96d33a16-3d9f-4d2c-809b-20d1b37db684:55105,1,5:96d33a16-3d9f-4d2c-809b-20d1b37db684:191106
supported_by_evidence,4:96d33a16-3d9f-4d2c-809b-20d1b37db684:25696,4:96d33a16-3d9f-4d2c-809b-20d1b37db684:55109,1,5:96d33a16-3d9f-4d2c-809b-20d1b37db684:191107
supported_by_evidence,4:96d33a16-3d9f-4d2c-809b-20d1b37db684:25696,4:96d33a16-3d9f-4d2c-809b-20d1b37db684:55131,1,5:96d33a16-3d9f-4d2c-809b-20d1b37db684:191108
supported_by_evidence,4:96d33a16-3d9f-4d2c-809b-20d1b37db684:25696,4:96d33a16-3d9f-4d2c-809b-20d1b37db684:55166,1,5:96d33a16-3d9f-4d2c-809b-20d1b37db684:191109
supported_by_evidence,4:96d33a16-3d9f-4d2c-809b-20d1b37db684:25696,4:96d33a16-3d9f-4d2c-809b-20d1b37db684:55178,1,5:96d33a16-3d9f-4d2c-809b-20d1b37db684:191110
supported_by_evidence,4:96d33a16-3d9f-4d2c-809b-20d1b37db684:25696,4:96d33a16-3d9f-4d2c-809b-20d1b37db684:55276,1,5:96d33a16-3d9f-4d2c-809b-20d1b37db684:191111
supported_by_evidence,4:96d33a16-3d9f-4d2c-809b-20d1b37db684:25696,4:96d33a16-3d9f-4d2c-809b-20d1b37db684:55293,1,5:96d33a16-3d9f-4d2c-809b-20d1b37db684:191112
supported_by_evidence,4:96d33a16-3d9f-4d2c-809b-20d1b37db684:25696,4:96d33a16-3d9f-4d2c-809b-20d1b37db684:55309,1,5:96d33a16-3d9f-4d2c-809b-20d1b37db684:191113
supported_by_evidence,4:96d33a16-3d9f-4d2c-809b-20d1b37db684:25696,4:96d33a16-3d9f-4d2c-809b-20d1b37db684:55322,1,5:96d33a16-3d9f-4d2c-809b-20d1b37db684:191114
supported_by_evidence,4:96d33a16-3d9f-4d2c-809b-20d1b37db684:25696,4:96d33a16-3d9f-4d2c-809b-20d1b37db684:55337,1,5:96d33a16-3d9f-4d2c-809b-20d1b37db684:191115
supported_by_evidence,4:96d33a16-3d9f-4d2c-809b-20d1b37db684:25696,4:96d33a16-3d9f-4d2c-809b-20d1b37db684:55360,1,5:96d33a16-3d9f-4d2c-809b-20d1b37db684:191116
supported_by_evidence,4:96d33a16-3d9f-4d2c-809b-20d1b37db684:25696,4:96d33a16-3d9f-4d2c-809b-20d1b37db684:55377,1,5:96d33a16-3d9f-4d2c-809b-20d1b37db684:191117
supported_by_evidence,4:96d33a16-3d9f-4d2c-809b-20d1b37db684:25696,4:96d33a16-3d9f-4d2c-809b-20d1b37db684:55385,1,5:96d33a16-3d9f-4d2c-809b-20d1b37db684:191118
supported_by_evidence,4:96d33a16-3d9f-4d2c-809b-20d1b37db684:25696,4:96d33a16-3d9f-4d2c-809b-20d1b37db684:55447,1,5:96d33a16-3d9f-4d2c-809b-20d1b37db684:191119
supported_by_evidence,4:96d33a16-3d9f-4d2c-809b-20d1b37db684:25696,4:96d33a16-3d9f-4d2c-809b-20d1b37db684:55450,1,5:96d33a16-3d9f-4d2c-809b-20d1b37db684:191120
supported_by_evidence,4:96d33a16-3d9f-4d2c-809b-20d1b37db684:25696,4:96d33a16-3d9f-4d2c-809b-20d1b37db684:55459,1,5:96d33a16-3d9f-4d2c-809b-20d1b37db684:191121
supported_by_evidence,4:96d33a16-3d9f-4d2c-809b-20d1b37db684:25696,4:96d33a16-3d9f-4d2c-809b-20d1b37db684:55494,1,5:96d33a16-3d9f-4d2c-809b-20d1b37db684:191122
supported_by_evidence,4:96d33a16-3d9f-4d2c-809b-20d1b37db684:25696,4:96d33a16-3d9f-4d2c-809b-20d1b37db684:55527,1,5:96d33a16-3d9f-4d2c-809b-20d1b37db684:191123
supported_by_evidence,4:96d33a16-3d9f-4d2c-809b-20d1b37db684:25696,4:96d33a16-3d9f-4d2c-809b-20d1b37db684:55580,1,5:96d33a16-3d9f-4d2c-809b-20d1b37db684:191124
supported_by_evidence,4:96d33a16-3d9f-4d2c-809b-20d1b37db684:25696,4:96d33a16-3d9f-4d2c-809b-20d1b37db684:55614,1,5:96d33a16-3d9f-4d2c-809b-20d1b37db684:191125
supported_by_evidence,4:96d33a16-3d9f-4d2c-809b-20d1b37db684:25696,4:96d33a16-3d9f-4d2c-809b-20d1b37db684:55624,1,5:96d33a16-3d9f-4d2c-809b-20d1b37db684:191126
supported_by_evidence,4:96d33a16-3d9f-4d2c-809b-20d1b37db684:25696,4:96d33a16-3d9f-4d2c-809b-20d1b37db684:55671,1,5:96d33a16-3d9f-4d2c-809b-20d1b37db684:191127
supported_by_evidence,4:96d33a16-3d9f-4d2c-809b-20d1b37db684:25696,4:96d33a16-3d9f-4d2c-809b-20d1b37db684:55763,1,5:96d33a16-3d9f-4d2c-809b-20d1b37db684:191128
supported_by_evidence,4:96d33a16-3d9f-4d2c-809b-20d1b37db684:25696,4:96d33a16-3d9f-4d2c-809b-20d1b37db684:55774,1,5:96d33a16-3d9f-4d2c-809b-20d1b37db684:191129
supported_by_evidence,4:96d33a16-3d9f-4d2c-809b-20d1b37db684:25696,4:96d33a16-3d9f-4d2c-809b-20d1b37db684:55787,1,5:96d33a16-3d9f-4d2c-809b-20d1b37db684:191130
supported_by_evidence,4:96d33a16-3d9f-4d2c-809b-20d1b37db684:25696,4:96d33a16-3d9f-4d2c-809b-20d1b37db684:55796,1,5:96d33a16-3d9f-4d2c-809b-20d1b37db684:191131
supported_by_evidence,4:96d33a16-3d9f-4d2c-809b-20d1b37db684:25696,4:96d33a16-3d9f-4d2c-809b-20d1b37db684:55822,1,5:96d33a16-3d9f-4d2c-809b-20d1b37db684:191132
supported_by_evidence,4:96d33a16-3d9f-4d2c-809b-20d1b37db684:25696,4:96d33a16-3d9f-4d2c-809b-20d1b37db684:55824,1,5:96d33a16-3d9f-4d2c-809b-20d1b37db684:191133
supported_by_evidence,4:96d33a16-3d9f-4d2c-809b-20d1b37db684:25696,4:96d33a16-3d9f-4d2c-809b-20d1b37db684:55884,1,5:96d33a16-3d9f-4d2c-809b-20d1b37db684:191134
supported_by_evidence,4:96d33a16-3d9f-4d2c-809b-20d1b37db684:25696,4:96d33a16-3d9f-4d2c-809b-20d1b37db684:55911,1,5:96d33a16-3d9f-4d2c-809b-20d1b37db684:191135
supported_by_evidence,4:96d33a16-3d9f-4d2c-809b-20d1b37db684:25696,4:96d33a16-3d9f-4d2c-809b-20d1b37db684:55942,1,5:96d33a16-3d9f-4d2c-809b-20d1b37db684:191136
supported_by_evidence,4:96d33a16-3d9f-4d2c-809b-20d1b37db684:25696,4:96d33a16-3d9f-4d2c-809b-20d1b37db684:55944,1,5:96d33a16-3d9f-4d2c-809b-20d1b37db684:191137
supported_by_evidence,4:96d33a16-3d9f-4d2c-809b-20d1b37db684:25696,4:96d33a16-3d9f-4d2c-809b-20d1b37db684:55959,1,5:96d33a16-3d9f-4d2c-809b-20d1b37db684:191138
supported_by_evidence,4:96d33a16-3d9f-4d2c-809b-20d1b37db684:25696,4:96d33a16-3d9f-4d2c-809b-20d1b37db684:55961,1,5:96d33a16-3d9f-4d2c-809b-20d1b37db684:191139
supported_by_evidence,4:96d33a16-3d9f-4d2c-809b-20d1b37db684:25696,4:96d33a16-3d9f-4d2c-809b-20d1b37db684:55967,1,5:96d33a16-3d9f-4d2c-809b-20d1b37db684:191140
supported_by_evidence,4:96d33a16-3d9f-4d2c-809b-20d1b37db684:25696,4:96d33a16-3d9f-4d2c-809b-20d1b37db684:55987,1,5:96d33a16-3d9f-4d2c-809b-20d1b37db684:191141
supported_by_evidence,4:96d33a16-3d9f-4d2c-809b-20d1b37db684:25696,4:96d33a16-3d9f-4d2c-809b-20d1b37db684:56006,1,5:96d33a16-3d9f-4d2c-809b-20d1b37db684:191142
supported_by_evidence,4:96d33a16-3d9f-4d2c-809b-20d1b37db684:25696,4:96d33a16-3d9f-4d2c-809b-20d1b37db684:56030,1,5:96d33a16-3d9f-4d2c-809b-20d1b37db684:191143
supported_by_evidence,4:96d33a16-3d9f-4d2c-809b-20d1b37db684:25696,4:96d33a16-3d9f-4d2c-809b-20d1b37db684:56053,1,5:96d33a16-3d9f-4d2c-809b-20d1b37db684:191144
supported_by_evidence,4:96d33a16-3d9f-4d2c-809b-20d1b37db684:25696,4:96d33a16-3d9f-4d2c-809b-20d1b37db684:56093,1,5:96d33a16-3d9f-4d2c-809b-20d1b37db684:191145
supported_by_evidence,4:96d33a16-3d9f-4d2c-809b-20d1b37db684:25696,4:96d33a16-3d9f-4d2c-809b-20d1b37db684:56094,1,5:96d33a16-3d9f-4d2c-809b-20d1b37db684:191146
supported_by_evidence,4:96d33a16-3d9f-4d2c-809b-20d1b37db684:25696,4:96d33a16-3d9f-4d2c-809b-20d1b37db684:56108,1,5:96d33a16-3d9f-4d2c-809b-20d1b37db684:191147
supported_by_evidence,4:96d33a16-3d9f-4d2c-809b-20d1b37db684:25696,4:96d33a16-3d9f-4d2c-809b-20d1b37db684:56157,1,5:96d33a16-3d9f-4d2c-809b-20d1b37db684:191148
supported_by_evidence,4:96d33a16-3d9f-4d2c-809b-20d1b37db684:25696,4:96d33a16-3d9f-4d2c-809b-20d1b37db684:56218,1,5:96d33a16-3d9f-4d2c-809b-20d1b37db684:191149
supported_by_evidence,4:96d33a16-3d9f-4d2c-809b-20d1b37db684:25696,4:96d33a16-3d9f-4d2c-809b-20d1b37db684:56252,1,5:96d33a16-3d9f-4d2c-809b-20d1b37db684:191150
supported_by_evidence,4:96d33a16-3d9f-4d2c-809b-20d1b37db684:25696,4:96d33a16-3d9f-4d2c-809b-20d1b37db684:56258,1,5:96d33a16-3d9f-4d2c-809b-20d1b37db684:191151
supported_by_evidence,4:96d33a16-3d9f-4d2c-809b-20d1b37db684:25696,4:96d33a16-3d9f-4d2c-809b-20d1b37db684:56312,1,5:96d33a16-3d9f-4d2c-809b-20d1b37db684:191152
supported_by_evidence,4:96d33a16-3d9f-4d2c-809b-20d1b37db684:25696,4:96d33a16-3d9f-4d2c-809b-20d1b37db684:56325,1,5:96d33a16-3d9f-4d2c-809b-20d1b37db684:191153
supported_by_evidence,4:96d33a16-3d9f-4d2c-809b-20d1b37db684:25696,4:96d33a16-3d9f-4d2c-809b-20d1b37db684:56400,1,5:96d33a16-3d9f-4d2c-809b-20d1b37db684:191154
supported_by_evidence,4:96d33a16-3d9f-4d2c-809b-20d1b37db684:25696,4:96d33a16-3d9f-4d2c-809b-20d1b37db684:56427,1,5:96d33a16-3d9f-4d2c-809b-20d1b37db684:191155
supported_by_evidence,4:96d33a16-3d9f-4d2c-809b-20d1b37db684:25696,4:96d33a16-3d9f-4d2c-809b-20d1b37db684:56447,1,5:96d33a16-3d9f-4d2c-809b-20d1b37db684:191156
supported_by_evidence,4:96d33a16-3d9f-4d2c-809b-20d1b37db684:46986,4:96d33a16-3d9f-4d2c-809b-20d1b37db684:43561,1,5:96d33a16-3d9f-4d2c-809b-20d1b37db684:191157
supported_by_evidence,4:96d33a16-3d9f-4d2c-809b-20d1b37db684:46986,4:96d33a16-3d9f-4d2c-809b-20d1b37db684:43390,1,5:96d33a16-3d9f-4d2c-809b-20d1b37db684:191158
supported_by_evidence,4:96d33a16-3d9f-4d2c-809b-20d1b37db684:46986,4:96d33a16-3d9f-4d2c-809b-20d1b37db684:54762,1,5:96d33a16-3d9f-4d2c-809b-20d1b37db684:191159
supported_by_evidence,4:96d33a16-3d9f-4d2c-809b-20d1b37db684:46986,4:96d33a16-3d9f-4d2c-809b-20d1b37db684:54862,1,5:96d33a16-3d9f-4d2c-809b-20d1b37db684:191160
supported_by_evidence,4:96d33a16-3d9f-4d2c-809b-20d1b37db684:46986,4:96d33a16-3d9f-4d2c-809b-20d1b37db684:54916,1,5:96d33a16-3d9f-4d2c-809b-20d1b37db684:191161
supported_by_evidence,4:96d33a16-3d9f-4d2c-809b-20d1b37db684:46986,4:96d33a16-3d9f-4d2c-809b-20d1b37db684:55176,1,5:96d33a16-3d9f-4d2c-809b-20d1b37db684:191162
supported_by_evidence,4:96d33a16-3d9f-4d2c-809b-20d1b37db684:46986,4:96d33a16-3d9f-4d2c-809b-20d1b37db684:55293,1,5:96d33a16-3d9f-4d2c-809b-20d1b37db684:191163
supported_by_evidence,4:96d33a16-3d9f-4d2c-809b-20d1b37db684:46986,4:96d33a16-3d9f-4d2c-809b-20d1b37db684:55303,1,5:96d33a16-3d9f-4d2c-809b-20d1b37db684:191164
supported_by_evidence,4:96d33a16-3d9f-4d2c-809b-20d1b37db684:46986,4:96d33a16-3d9f-4d2c-809b-20d1b37db684:55370,1,5:96d33a16-3d9f-4d2c-809b-20d1b37db684:191165
supported_by_evidence,4:96d33a16-3d9f-4d2c-809b-20d1b37db684:46986,4:96d33a16-3d9f-4d2c-809b-20d1b37db684:55455,1,5:96d33a16-3d9f-4d2c-809b-20d1b37db684:191166
supported_by_evidence,4:96d33a16-3d9f-4d2c-809b-20d1b37db684:46986,4:96d33a16-3d9f-4d2c-809b-20d1b37db684:55494,1,5:96d33a16-3d9f-4d2c-809b-20d1b37db684:191167
supported_by_evidence,4:96d33a16-3d9f-4d2c-809b-20d1b37db684:46986,4:96d33a16-3d9f-4d2c-809b-20d1b37db684:55548,1,5:96d33a16-3d9f-4d2c-809b-20d1b37db684:191168
supported_by_evidence,4:96d33a16-3d9f-4d2c-809b-20d1b37db684:46986,4:96d33a16-3d9f-4d2c-809b-20d1b37db684:55677,1,5:96d33a16-3d9f-4d2c-809b-20d1b37db684:191169
supported_by_evidence,4:96d33a16-3d9f-4d2c-809b-20d1b37db684:46986,4:96d33a16-3d9f-4d2c-809b-20d1b37db684:55829,1,5:96d33a16-3d9f-4d2c-809b-20d1b37db684:191170
supported_by_evidence,4:96d33a16-3d9f-4d2c-809b-20d1b37db684:46986,4:96d33a16-3d9f-4d2c-809b-20d1b37db684:55942,1,5:96d33a16-3d9f-4d2c-809b-20d1b37db684:191171
supported_by_evidence,4:96d33a16-3d9f-4d2c-809b-20d1b37db684:46986,4:96d33a16-3d9f-4d2c-809b-20d1b37db684:56108,1,5:96d33a16-3d9f-4d2c-809b-20d1b37db684:191172
supported_by_evidence,4:96d33a16-3d9f-4d2c-809b-20d1b37db684:46986,4:96d33a16-3d9f-4d2c-809b-20d1b37db684:56213,1,5:96d33a16-3d9f-4d2c-809b-20d1b37db684:191173
supported_by_evidence,4:96d33a16-3d9f-4d2c-809b-20d1b37db684:46986,4:96d33a16-3d9f-4d2c-809b-20d1b37db684:56274,1,5:96d33a16-3d9f-4d2c-809b-20d1b37db684:191174
supported_by_evidence,4:96d33a16-3d9f-4d2c-809b-20d1b37db684:46986,4:96d33a16-3d9f-4d2c-809b-20d1b37db684:56501,1,5:96d33a16-3d9f-4d2c-809b-20d1b37db684:191175
requires_exam,4:96d33a16-3d9f-4d2c-809b-20d1b37db684:25,4:96d33a16-3d9f-4d2c-809b-20d1b37db684:25498,2,5:96d33a16-3d9f-4d2c-809b-20d1b37db684:140404；5:96d33a16-3d9f-4d2c-809b-20d1b37db684:198185
requires_exam,4:96d33a16-3d9f-4d2c-809b-20d1b37db684:25,4:96d33a16-3d9f-4d2c-809b-20d1b37db684:51476,1,5:96d33a16-3d9f-4d2c-809b-20d1b37db684:198186
requires_exam,4:96d33a16-3d9f-4d2c-809b-20d1b37db684:25,4:96d33a16-3d9f-4d2c-809b-20d1b37db684:25512,2,5:96d33a16-3d9f-4d2c-809b-20d1b37db684:1765；5:96d33a16-3d9f-4d2c-809b-20d1b37db684:198188
requires_exam,4:96d33a16-3d9f-4d2c-809b-20d1b37db684:24,4:96d33a16-3d9f-4d2c-809b-20d1b37db684:25498,1,5:96d33a16-3d9f-4d2c-809b-20d1b37db684:198190
requires_exam,4:96d33a16-3d9f-4d2c-809b-20d1b37db684:24,4:96d33a16-3d9f-4d2c-809b-20d1b37db684:51476,1,5:96d33a16-3d9f-4d2c-809b-20d1b37db684:198191
requires_exam,4:96d33a16-3d9f-4d2c-809b-20d1b37db684:24,4:96d33a16-3d9f-4d2c-809b-20d1b37db684:25512,1,5:96d33a16-3d9f-4d2c-809b-20d1b37db684:198193
requires_exam,4:96d33a16-3d9f-4d2c-809b-20d1b37db684:31941,4:96d33a16-3d9f-4d2c-809b-20d1b37db684:25498,2,5:96d33a16-3d9f-4d2c-809b-20d1b37db684:198194；5:96d33a16-3d9f-4d2c-809b-20d1b37db684:84278
requires_exam,4:96d33a16-3d9f-4d2c-809b-20d1b37db684:31941,4:96d33a16-3d9f-4d2c-809b-20d1b37db684:51476,1,5:96d33a16-3d9f-4d2c-809b-20d1b37db684:198195
requires_exam,4:96d33a16-3d9f-4d2c-809b-20d1b37db684:31941,4:96d33a16-3d9f-4d2c-809b-20d1b37db684:25512,1,5:96d33a16-3d9f-4d2c-809b-20d1b37db684:198197
requires_exam,4:96d33a16-3d9f-4d2c-809b-20d1b37db684:40,4:96d33a16-3d9f-4d2c-809b-20d1b37db684:25512,2,5:96d33a16-3d9f-4d2c-809b-20d1b37db684:1793；5:96d33a16-3d9f-4d2c-809b-20d1b37db684:198199
requires_exam,4:96d33a16-3d9f-4d2c-809b-20d1b37db684:42,4:96d33a16-3d9f-4d2c-809b-20d1b37db684:25512,2,5:96d33a16-3d9f-4d2c-809b-20d1b37db684:1559；5:96d33a16-3d9f-4d2c-809b-20d1b37db684:198201
requires_exam,4:96d33a16-3d9f-4d2c-809b-20d1b37db684:44,4:96d33a16-3d9f-4d2c-809b-20d1b37db684:25512,2,5:96d33a16-3d9f-4d2c-809b-20d1b37db684:198203；5:96d33a16-3d9f-4d2c-809b-20d1b37db684:48329
requires_exam,4:96d33a16-3d9f-4d2c-809b-20d1b37db684:41,4:96d33a16-3d9f-4d2c-809b-20d1b37db684:25512,2,5:96d33a16-3d9f-4d2c-809b-20d1b37db684:198206；5:96d33a16-3d9f-4d2c-809b-20d1b37db684:48331
requires_exam,4:96d33a16-3d9f-4d2c-809b-20d1b37db684:88,4:96d33a16-3d9f-4d2c-809b-20d1b37db684:25498,2,5:96d33a16-3d9f-4d2c-809b-20d1b37db684:198210；5:96d33a16-3d9f-4d2c-809b-20d1b37db684:8370
requires_exam,4:96d33a16-3d9f-4d2c-809b-20d1b37db684:88,4:96d33a16-3d9f-4d2c-809b-20d1b37db684:25512,1,5:96d33a16-3d9f-4d2c-809b-20d1b37db684:198212
requires_exam,4:96d33a16-3d9f-4d2c-809b-20d1b37db684:56,4:96d33a16-3d9f-4d2c-809b-20d1b37db684:25498,2,5:96d33a16-3d9f-4d2c-809b-20d1b37db684:198213；5:96d33a16-3d9f-4d2c-809b-20d1b37db684:8394
requires_exam,4:96d33a16-3d9f-4d2c-809b-20d1b37db684:56,4:96d33a16-3d9f-4d2c-809b-20d1b37db684:25512,1,5:96d33a16-3d9f-4d2c-809b-20d1b37db684:198215
requires_exam,4:96d33a16-3d9f-4d2c-809b-20d1b37db684:43498,4:96d33a16-3d9f-4d2c-809b-20d1b37db684:25498,1,5:96d33a16-3d9f-4d2c-809b-20d1b37db684:198216
requires_exam,4:96d33a16-3d9f-4d2c-809b-20d1b37db684:43498,4:96d33a16-3d9f-4d2c-809b-20d1b37db684:25512,1,5:96d33a16-3d9f-4d2c-809b-20d1b37db684:198218
requires_exam,4:96d33a16-3d9f-4d2c-809b-20d1b37db684:55,4:96d33a16-3d9f-4d2c-809b-20d1b37db684:25498,2,5:96d33a16-3d9f-4d2c-809b-20d1b37db684:1383；5:96d33a16-3d9f-4d2c-809b-20d1b37db684:198219
requires_exam,4:96d33a16-3d9f-4d2c-809b-20d1b37db684:55,4:96d33a16-3d9f-4d2c-809b-20d1b37db684:25512,1,5:96d33a16-3d9f-4d2c-809b-20d1b37db684:198221
requires_exam,4:96d33a16-3d9f-4d2c-809b-20d1b37db684:59,4:96d33a16-3d9f-4d2c-809b-20d1b37db684:25498,2,5:96d33a16-3d9f-4d2c-809b-20d1b37db684:198222；5:96d33a16-3d9f-4d2c-809b-20d1b37db684:8421
requires_exam,4:96d33a16-3d9f-4d2c-809b-20d1b37db684:59,4:96d33a16-3d9f-4d2c-809b-20d1b37db684:25512,2,5:96d33a16-3d9f-4d2c-809b-20d1b37db684:1622；5:96d33a16-3d9f-4d2c-809b-20d1b37db684:198224
requires_exam,4:96d33a16-3d9f-4d2c-809b-20d1b37db684:81,4:96d33a16-3d9f-4d2c-809b-20d1b37db684:25498,2,5:96d33a16-3d9f-4d2c-809b-20d1b37db684:198226；5:96d33a16-3d9f-4d2c-809b-20d1b37db684:84298
requires_exam,4:96d33a16-3d9f-4d2c-809b-20d1b37db684:81,4:96d33a16-3d9f-4d2c-809b-20d1b37db684:51476,1,5:96d33a16-3d9f-4d2c-809b-20d1b37db684:198227
requires_exam,4:96d33a16-3d9f-4d2c-809b-20d1b37db684:81,4:96d33a16-3d9f-4d2c-809b-20d1b37db684:25512,1,5:96d33a16-3d9f-4d2c-809b-20d1b37db684:198229
requires_exam,4:96d33a16-3d9f-4d2c-809b-20d1b37db684:44903,4:96d33a16-3d9f-4d2c-809b-20d1b37db684:25498,2,5:96d33a16-3d9f-4d2c-809b-20d1b37db684:154170；5:96d33a16-3d9f-4d2c-809b-20d1b37db684:198230
requires_exam,4:96d33a16-3d9f-4d2c-809b-20d1b37db684:44903,4:96d33a16-3d9f-4d2c-809b-20d1b37db684:25512,2,5:96d33a16-3d9f-4d2c-809b-20d1b37db684:198231；5:96d33a16-3d9f-4d2c-809b-20d1b37db684:32975
requires_exam,4:96d33a16-3d9f-4d2c-809b-20d1b37db684:71,4:96d33a16-3d9f-4d2c-809b-20d1b37db684:25498,2,5:96d33a16-3d9f-4d2c-809b-20d1b37db684:198232；5:96d33a16-3d9f-4d2c-809b-20d1b37db684:46375
requires_exam,4:96d33a16-3d9f-4d2c-809b-20d1b37db684:71,4:96d33a16-3d9f-4d2c-809b-20d1b37db684:25512,2,5:96d33a16-3d9f-4d2c-809b-20d1b37db684:198233；5:96d33a16-3d9f-4d2c-809b-20d1b37db684:32974
requires_exam,4:96d33a16-3d9f-4d2c-809b-20d1b37db684:70,4:96d33a16-3d9f-4d2c-809b-20d1b37db684:25498,2,5:96d33a16-3d9f-4d2c-809b-20d1b37db684:198234；5:96d33a16-3d9f-4d2c-809b-20d1b37db684:46376
requires_exam,4:96d33a16-3d9f-4d2c-809b-20d1b37db684:70,4:96d33a16-3d9f-4d2c-809b-20d1b37db684:25512,2,5:96d33a16-3d9f-4d2c-809b-20d1b37db684:1666；5:96d33a16-3d9f-4d2c-809b-20d1b37db684:198235
requires_exam,4:96d33a16-3d9f-4d2c-809b-20d1b37db684:73,4:96d33a16-3d9f-4d2c-809b-20d1b37db684:25498,2,5:96d33a16-3d9f-4d2c-809b-20d1b37db684:198236；5:96d33a16-3d9f-4d2c-809b-20d1b37db684:43631
requires_exam,4:96d33a16-3d9f-4d2c-809b-20d1b37db684:73,4:96d33a16-3d9f-4d2c-809b-20d1b37db684:25512,2,5:96d33a16-3d9f-4d2c-809b-20d1b37db684:1824；5:96d33a16-3d9f-4d2c-809b-20d1b37db684:198237
requires_exam,4:96d33a16-3d9f-4d2c-809b-20d1b37db684:72,4:96d33a16-3d9f-4d2c-809b-20d1b37db684:25498,2,5:96d33a16-3d9f-4d2c-809b-20d1b37db684:198238；5:96d33a16-3d9f-4d2c-809b-20d1b37db684:46374
requires_exam,4:96d33a16-3d9f-4d2c-809b-20d1b37db684:72,4:96d33a16-3d9f-4d2c-809b-20d1b37db684:25512,2,5:96d33a16-3d9f-4d2c-809b-20d1b37db684:1821；5:96d33a16-3d9f-4d2c-809b-20d1b37db684:198239
requires_lab_test,4:96d33a16-3d9f-4d2c-809b-20d1b37db684:25,4:96d33a16-3d9f-4d2c-809b-20d1b37db684:36850,2,5:96d33a16-3d9f-4d2c-809b-20d1b37db684:157480；5:96d33a16-3d9f-4d2c-809b-20d1b37db684:198241
requires_lab_test,4:96d33a16-3d9f-4d2c-809b-20d1b37db684:31941,4:96d33a16-3d9f-4d2c-809b-20d1b37db684:36850,1,5:96d33a16-3d9f-4d2c-809b-20d1b37db684:198243
requires_lab_test,4:96d33a16-3d9f-4d2c-809b-20d1b37db684:88,4:96d33a16-3d9f-4d2c-809b-20d1b37db684:36850,1,5:96d33a16-3d9f-4d2c-809b-20d1b37db684:198245
requires_lab_test,4:96d33a16-3d9f-4d2c-809b-20d1b37db684:56,4:96d33a16-3d9f-4d2c-809b-20d1b37db684:36850,2,5:96d33a16-3d9f-4d2c-809b-20d1b37db684:157463；5:96d33a16-3d9f-4d2c-809b-20d1b37db684:198247
requires_lab_test,4:96d33a16-3d9f-4d2c-809b-20d1b37db684:43498,4:96d33a16-3d9f-4d2c-809b-20d1b37db684:36850,1,5:96d33a16-3d9f-4d2c-809b-20d1b37db684:198249
requires_lab_test,4:96d33a16-3d9f-4d2c-809b-20d1b37db684:55,4:96d33a16-3d9f-4d2c-809b-20d1b37db684:36850,1,5:96d33a16-3d9f-4d2c-809b-20d1b37db684:198251
requires_lab_test,4:96d33a16-3d9f-4d2c-809b-20d1b37db684:59,4:96d33a16-3d9f-4d2c-809b-20d1b37db684:36850,2,5:96d33a16-3d9f-4d2c-809b-20d1b37db684:114336；5:96d33a16-3d9f-4d2c-809b-20d1b37db684:198253
requires_lab_test,4:96d33a16-3d9f-4d2c-809b-20d1b37db684:44903,4:96d33a16-3d9f-4d2c-809b-20d1b37db684:36850,2,5:96d33a16-3d9f-4d2c-809b-20d1b37db684:145301；5:96d33a16-3d9f-4d2c-809b-20d1b37db684:198255
requires_lab_test,4:96d33a16-3d9f-4d2c-809b-20d1b37db684:71,4:96d33a16-3d9f-4d2c-809b-20d1b37db684:36850,2,5:96d33a16-3d9f-4d2c-809b-20d1b37db684:145313；5:96d33a16-3d9f-4d2c-809b-20d1b37db684:198256
requires_lab_test,4:96d33a16-3d9f-4d2c-809b-20d1b37db684:70,4:96d33a16-3d9f-4d2c-809b-20d1b37db684:36850,2,5:96d33a16-3d9f-4d2c-809b-20d1b37db684:145316；5:96d33a16-3d9f-4d2c-809b-20d1b37db684:198257
requires_lab_test,4:96d33a16-3d9f-4d2c-809b-20d1b37db684:73,4:96d33a16-3d9f-4d2c-809b-20d1b37db684:36850,2,5:96d33a16-3d9f-4d2c-809b-20d1b37db684:145314；5:96d33a16-3d9f-4d2c-809b-20d1b37db684:198258
treated_by_procedure,4:96d33a16-3d9f-4d2c-809b-20d1b37db684:31941,4:96d33a16-3d9f-4d2c-809b-20d1b37db684:25696,1,5:96d33a16-3d9f-4d2c-809b-20d1b37db684:198261
treated_by_procedure,4:96d33a16-3d9f-4d2c-809b-20d1b37db684:81,4:96d33a16-3d9f-4d2c-809b-20d1b37db684:25696,1,5:96d33a16-3d9f-4d2c-809b-20d1b37db684:198262
treated_by_procedure,4:96d33a16-3d9f-4d2c-809b-20d1b37db684:44903,4:96d33a16-3d9f-4d2c-809b-20d1b37db684:46986,2,5:96d33a16-3d9f-4d2c-809b-20d1b37db684:154112；5:96d33a16-3d9f-4d2c-809b-20d1b37db684:198263
treated_by_procedure,4:96d33a16-3d9f-4d2c-809b-20d1b37db684:71,4:96d33a16-3d9f-4d2c-809b-20d1b37db684:46986,2,5:96d33a16-3d9f-4d2c-809b-20d1b37db684:154117；5:96d33a16-3d9f-4d2c-809b-20d1b37db684:198265
treated_by_procedure,4:96d33a16-3d9f-4d2c-809b-20d1b37db684:70,4:96d33a16-3d9f-4d2c-809b-20d1b37db684:46986,2,5:96d33a16-3d9f-4d2c-809b-20d1b37db684:154123；5:96d33a16-3d9f-4d2c-809b-20d1b37db684:198266
treated_by_procedure,4:96d33a16-3d9f-4d2c-809b-20d1b37db684:73,4:96d33a16-3d9f-4d2c-809b-20d1b37db684:46986,2,5:96d33a16-3d9f-4d2c-809b-20d1b37db684:154128；5:96d33a16-3d9f-4d2c-809b-20d1b37db684:198269
treated_by_procedure,4:96d33a16-3d9f-4d2c-809b-20d1b37db684:72,4:96d33a16-3d9f-4d2c-809b-20d1b37db684:46986,2,5:96d33a16-3d9f-4d2c-809b-20d1b37db684:154133；5:96d33a16-3d9f-4d2c-809b-20d1b37db684:198271
includes_procedure,4:96d33a16-3d9f-4d2c-809b-20d1b37db684:47026,4:96d33a16-3d9f-4d2c-809b-20d1b37db684:25696,2,5:96d33a16-3d9f-4d2c-809b-20d1b37db684:147580；5:96d33a16-3d9f-4d2c-809b-20d1b37db684:198277
includes_procedure,4:96d33a16-3d9f-4d2c-809b-20d1b37db684:47026,4:96d33a16-3d9f-4d2c-809b-20d1b37db684:46986,2,5:96d33a16-3d9f-4d2c-809b-20d1b37db684:147375；5:96d33a16-3d9f-4d2c-809b-20d1b37db684:198278
includes_procedure,4:96d33a16-3d9f-4d2c-809b-20d1b37db684:34275,4:96d33a16-3d9f-4d2c-809b-20d1b37db684:25696,1,5:96d33a16-3d9f-4d2c-809b-20d1b37db684:198280
includes_procedure,4:96d33a16-3d9f-4d2c-809b-20d1b37db684:47029,4:96d33a16-3d9f-4d2c-809b-20d1b37db684:25696,2,5:96d33a16-3d9f-4d2c-809b-20d1b37db684:147579；5:96d33a16-3d9f-4d2c-809b-20d1b37db684:198281
includes_procedure,4:96d33a16-3d9f-4d2c-809b-20d1b37db684:47029,4:96d33a16-3d9f-4d2c-809b-20d1b37db684:46986,2,5:96d33a16-3d9f-4d2c-809b-20d1b37db684:147387；5:96d33a16-3d9f-4d2c-809b-20d1b37db684:198282
includes_procedure,4:96d33a16-3d9f-4d2c-809b-20d1b37db684:47032,4:96d33a16-3d9f-4d2c-809b-20d1b37db684:25696,2,5:96d33a16-3d9f-4d2c-809b-20d1b37db684:147573；5:96d33a16-3d9f-4d2c-809b-20d1b37db684:198285
includes_procedure,4:96d33a16-3d9f-4d2c-809b-20d1b37db684:47032,4:96d33a16-3d9f-4d2c-809b-20d1b37db684:46986,2,5:96d33a16-3d9f-4d2c-809b-20d1b37db684:147403；5:96d33a16-3d9f-4d2c-809b-20d1b37db684:198286
includes_procedure,4:96d33a16-3d9f-4d2c-809b-20d1b37db684:34286,4:96d33a16-3d9f-4d2c-809b-20d1b37db684:25696,1,5:96d33a16-3d9f-4d2c-809b-20d1b37db684:198289
includes_procedure,4:96d33a16-3d9f-4d2c-809b-20d1b37db684:47033,4:96d33a16-3d9f-4d2c-809b-20d1b37db684:25696,2,5:96d33a16-3d9f-4d2c-809b-20d1b37db684:147574；5:96d33a16-3d9f-4d2c-809b-20d1b37db684:198290
includes_procedure,4:96d33a16-3d9f-4d2c-809b-20d1b37db684:47033,4:96d33a16-3d9f-4d2c-809b-20d1b37db684:46986,2,5:96d33a16-3d9f-4d2c-809b-20d1b37db684:147408；5:96d33a16-3d9f-4d2c-809b-20d1b37db684:198291
includes_procedure,4:96d33a16-3d9f-4d2c-809b-20d1b37db684:47034,4:96d33a16-3d9f-4d2c-809b-20d1b37db684:25696,2,5:96d33a16-3d9f-4d2c-809b-20d1b37db684:147578；5:96d33a16-3d9f-4d2c-809b-20d1b37db684:198293
includes_procedure,4:96d33a16-3d9f-4d2c-809b-20d1b37db684:47034,4:96d33a16-3d9f-4d2c-809b-20d1b37db684:46986,2,5:96d33a16-3d9f-4d2c-809b-20d1b37db684:147413；5:96d33a16-3d9f-4d2c-809b-20d1b37db684:198294
has_recommended_action,4:96d33a16-3d9f-4d2c-809b-20d1b37db684:56538,4:96d33a16-3d9f-4d2c-809b-20d1b37db684:36850,1,5:96d33a16-3d9f-4d2c-809b-20d1b37db684:198297
has_recommended_action,4:96d33a16-3d9f-4d2c-809b-20d1b37db684:56540,4:96d33a16-3d9f-4d2c-809b-20d1b37db684:36850,1,5:96d33a16-3d9f-4d2c-809b-20d1b37db684:198298
has_recommended_action,4:96d33a16-3d9f-4d2c-809b-20d1b37db684:56542,4:96d33a16-3d9f-4d2c-809b-20d1b37db684:25498,1,5:96d33a16-3d9f-4d2c-809b-20d1b37db684:198301
has_recommended_action,4:96d33a16-3d9f-4d2c-809b-20d1b37db684:56546,4:96d33a16-3d9f-4d2c-809b-20d1b37db684:46986,1,5:96d33a16-3d9f-4d2c-809b-20d1b37db684:198306
has_recommended_action,4:96d33a16-3d9f-4d2c-809b-20d1b37db684:56550,4:96d33a16-3d9f-4d2c-809b-20d1b37db684:25512,1,5:96d33a16-3d9f-4d2c-809b-20d1b37db684:198308
has_recommended_action,4:96d33a16-3d9f-4d2c-809b-20d1b37db684:56551,4:96d33a16-3d9f-4d2c-809b-20d1b37db684:25498,1,5:96d33a16-3d9f-4d2c-809b-20d1b37db684:198311
has_recommended_action,4:96d33a16-3d9f-4d2c-809b-20d1b37db684:56556,4:96d33a16-3d9f-4d2c-809b-20d1b37db684:25498,1,5:96d33a16-3d9f-4d2c-809b-20d1b37db684:198317
has_recommended_action,4:96d33a16-3d9f-4d2c-809b-20d1b37db684:56558,4:96d33a16-3d9f-4d2c-809b-20d1b37db684:25498,1,5:96d33a16-3d9f-4d2c-809b-20d1b37db684:198320
has_recommended_action,4:96d33a16-3d9f-4d2c-809b-20d1b37db684:56561,4:96d33a16-3d9f-4d2c-809b-20d1b37db684:25498,1,5:96d33a16-3d9f-4d2c-809b-20d1b37db684:198324
has_recommended_action,4:96d33a16-3d9f-4d2c-809b-20d1b37db684:56563,4:96d33a16-3d9f-4d2c-809b-20d1b37db684:46986,1,5:96d33a16-3d9f-4d2c-809b-20d1b37db684:198327
has_recommended_action,4:96d33a16-3d9f-4d2c-809b-20d1b37db684:56568,4:96d33a16-3d9f-4d2c-809b-20d1b37db684:25696,1,5:96d33a16-3d9f-4d2c-809b-20d1b37db684:198330
has_recommended_action,4:96d33a16-3d9f-4d2c-809b-20d1b37db684:56572,4:96d33a16-3d9f-4d2c-809b-20d1b37db684:25512,1,5:96d33a16-3d9f-4d2c-809b-20d1b37db684:198333
has_recommended_action,4:96d33a16-3d9f-4d2c-809b-20d1b37db684:56584,4:96d33a16-3d9f-4d2c-809b-20d1b37db684:25498,1,5:96d33a16-3d9f-4d2c-809b-20d1b37db684:198340
has_recommended_action,4:96d33a16-3d9f-4d2c-809b-20d1b37db684:56586,4:96d33a16-3d9f-4d2c-809b-20d1b37db684:36850,1,5:96d33a16-3d9f-4d2c-809b-20d1b37db684:198342
has_recommended_action,4:96d33a16-3d9f-4d2c-809b-20d1b37db684:56589,4:96d33a16-3d9f-4d2c-809b-20d1b37db684:25696,1,5:96d33a16-3d9f-4d2c-809b-20d1b37db684:198347
has_recommended_action,4:96d33a16-3d9f-4d2c-809b-20d1b37db684:56593,4:96d33a16-3d9f-4d2c-809b-20d1b37db684:25498,1,5:96d33a16-3d9f-4d2c-809b-20d1b37db684:198348
has_recommended_action,4:96d33a16-3d9f-4d2c-809b-20d1b37db684:56597,4:96d33a16-3d9f-4d2c-809b-20d1b37db684:36850,1,5:96d33a16-3d9f-4d2c-809b-20d1b37db684:198353
has_recommended_action,4:96d33a16-3d9f-4d2c-809b-20d1b37db684:56598,4:96d33a16-3d9f-4d2c-809b-20d1b37db684:25696,1,5:96d33a16-3d9f-4d2c-809b-20d1b37db684:198356
has_recommended_action,4:96d33a16-3d9f-4d2c-809b-20d1b37db684:56599,4:96d33a16-3d9f-4d2c-809b-20d1b37db684:25498,1,5:96d33a16-3d9f-4d2c-809b-20d1b37db684:198357
has_recommended_action,4:96d33a16-3d9f-4d2c-809b-20d1b37db684:56602,4:96d33a16-3d9f-4d2c-809b-20d1b37db684:25696,1,5:96d33a16-3d9f-4d2c-809b-20d1b37db684:198359
has_recommended_action,4:96d33a16-3d9f-4d2c-809b-20d1b37db684:56607,4:96d33a16-3d9f-4d2c-809b-20d1b37db684:25696,1,5:96d33a16-3d9f-4d2c-809b-20d1b37db684:198361
has_recommended_action,4:96d33a16-3d9f-4d2c-809b-20d1b37db684:56610,4:96d33a16-3d9f-4d2c-809b-20d1b37db684:25498,1,5:96d33a16-3d9f-4d2c-809b-20d1b37db684:198363
has_recommended_action,4:96d33a16-3d9f-4d2c-809b-20d1b37db684:56613,4:96d33a16-3d9f-4d2c-809b-20d1b37db684:25498,1,5:96d33a16-3d9f-4d2c-809b-20d1b37db684:198364
has_recommended_action,4:96d33a16-3d9f-4d2c-809b-20d1b37db684:56615,4:96d33a16-3d9f-4d2c-809b-20d1b37db684:25498,1,5:96d33a16-3d9f-4d2c-809b-20d1b37db684:198367
has_recommended_action,4:96d33a16-3d9f-4d2c-809b-20d1b37db684:56619,4:96d33a16-3d9f-4d2c-809b-20d1b37db684:25512,1,5:96d33a16-3d9f-4d2c-809b-20d1b37db684:198369
has_recommended_action,4:96d33a16-3d9f-4d2c-809b-20d1b37db684:56629,4:96d33a16-3d9f-4d2c-809b-20d1b37db684:25696,1,5:96d33a16-3d9f-4d2c-809b-20d1b37db684:198377
has_recommended_action,4:96d33a16-3d9f-4d2c-809b-20d1b37db684:56630,4:96d33a16-3d9f-4d2c-809b-20d1b37db684:25498,1,5:96d33a16-3d9f-4d2c-809b-20d1b37db684:198378
has_recommended_action,4:96d33a16-3d9f-4d2c-809b-20d1b37db684:56636,4:96d33a16-3d9f-4d2c-809b-20d1b37db684:25512,1,5:96d33a16-3d9f-4d2c-809b-20d1b37db684:198384
has_recommended_action,4:96d33a16-3d9f-4d2c-809b-20d1b37db684:56636,4:96d33a16-3d9f-4d2c-809b-20d1b37db684:25696,1,5:96d33a16-3d9f-4d2c-809b-20d1b37db684:198386
has_recommended_action,4:96d33a16-3d9f-4d2c-809b-20d1b37db684:56639,4:96d33a16-3d9f-4d2c-809b-20d1b37db684:25498,1,5:96d33a16-3d9f-4d2c-809b-20d1b37db684:198388
has_recommended_action,4:96d33a16-3d9f-4d2c-809b-20d1b37db684:56639,4:96d33a16-3d9f-4d2c-809b-20d1b37db684:25512,1,5:96d33a16-3d9f-4d2c-809b-20d1b37db684:198389
has_recommended_action,4:96d33a16-3d9f-4d2c-809b-20d1b37db684:56640,4:96d33a16-3d9f-4d2c-809b-20d1b37db684:25498,1,5:96d33a16-3d9f-4d2c-809b-20d1b37db684:198390
has_recommended_action,4:96d33a16-3d9f-4d2c-809b-20d1b37db684:56645,4:96d33a16-3d9f-4d2c-809b-20d1b37db684:25498,1,5:96d33a16-3d9f-4d2c-809b-20d1b37db684:198393
has_recommended_action,4:96d33a16-3d9f-4d2c-809b-20d1b37db684:56650,4:96d33a16-3d9f-4d2c-809b-20d1b37db684:25512,1,5:96d33a16-3d9f-4d2c-809b-20d1b37db684:198396
has_recommended_action,4:96d33a16-3d9f-4d2c-809b-20d1b37db684:56652,4:96d33a16-3d9f-4d2c-809b-20d1b37db684:25498,1,5:96d33a16-3d9f-4d2c-809b-20d1b37db684:198398
has_recommended_action,4:96d33a16-3d9f-4d2c-809b-20d1b37db684:56655,4:96d33a16-3d9f-4d2c-809b-20d1b37db684:25498,1,5:96d33a16-3d9f-4d2c-809b-20d1b37db684:198399
has_recommended_action,4:96d33a16-3d9f-4d2c-809b-20d1b37db684:56655,4:96d33a16-3d9f-4d2c-809b-20d1b37db684:25512,1,5:96d33a16-3d9f-4d2c-809b-20d1b37db684:198401
has_recommended_action,4:96d33a16-3d9f-4d2c-809b-20d1b37db684:56660,4:96d33a16-3d9f-4d2c-809b-20d1b37db684:25498,1,5:96d33a16-3d9f-4d2c-809b-20d1b37db684:198404
has_recommended_action,4:96d33a16-3d9f-4d2c-809b-20d1b37db684:56676,4:96d33a16-3d9f-4d2c-809b-20d1b37db684:25696,1,5:96d33a16-3d9f-4d2c-809b-20d1b37db684:198422
has_recommended_action,4:96d33a16-3d9f-4d2c-809b-20d1b37db684:56678,4:96d33a16-3d9f-4d2c-809b-20d1b37db684:25498,1,5:96d33a16-3d9f-4d2c-809b-20d1b37db684:198423
has_recommended_action,4:96d33a16-3d9f-4d2c-809b-20d1b37db684:56680,4:96d33a16-3d9f-4d2c-809b-20d1b37db684:25498,1,5:96d33a16-3d9f-4d2c-809b-20d1b37db684:198426
has_recommended_action,4:96d33a16-3d9f-4d2c-809b-20d1b37db684:56680,4:96d33a16-3d9f-4d2c-809b-20d1b37db684:25696,1,5:96d33a16-3d9f-4d2c-809b-20d1b37db684:198429
has_recommended_action,4:96d33a16-3d9f-4d2c-809b-20d1b37db684:56684,4:96d33a16-3d9f-4d2c-809b-20d1b37db684:36850,1,5:96d33a16-3d9f-4d2c-809b-20d1b37db684:198433
has_recommended_action,4:96d33a16-3d9f-4d2c-809b-20d1b37db684:56686,4:96d33a16-3d9f-4d2c-809b-20d1b37db684:25696,1,5:96d33a16-3d9f-4d2c-809b-20d1b37db684:198436
has_recommended_action,4:96d33a16-3d9f-4d2c-809b-20d1b37db684:56690,4:96d33a16-3d9f-4d2c-809b-20d1b37db684:25498,1,5:96d33a16-3d9f-4d2c-809b-20d1b37db684:198441
has_recommended_action,4:96d33a16-3d9f-4d2c-809b-20d1b37db684:56690,4:96d33a16-3d9f-4d2c-809b-20d1b37db684:36850,1,5:96d33a16-3d9f-4d2c-809b-20d1b37db684:198443
has_recommended_action,4:96d33a16-3d9f-4d2c-809b-20d1b37db684:56690,4:96d33a16-3d9f-4d2c-809b-20d1b37db684:25696,1,5:96d33a16-3d9f-4d2c-809b-20d1b37db684:198445
has_recommended_action,4:96d33a16-3d9f-4d2c-809b-20d1b37db684:56696,4:96d33a16-3d9f-4d2c-809b-20d1b37db684:25498,1,5:96d33a16-3d9f-4d2c-809b-20d1b37db684:198447
has_recommended_action,4:96d33a16-3d9f-4d2c-809b-20d1b37db684:56696,4:96d33a16-3d9f-4d2c-809b-20d1b37db684:25512,1,5:96d33a16-3d9f-4d2c-809b-20d1b37db684:198448
has_recommended_action,4:96d33a16-3d9f-4d2c-809b-20d1b37db684:56698,4:96d33a16-3d9f-4d2c-809b-20d1b37db684:25498,1,5:96d33a16-3d9f-4d2c-809b-20d1b37db684:198449
has_recommended_action,4:96d33a16-3d9f-4d2c-809b-20d1b37db684:56705,4:96d33a16-3d9f-4d2c-809b-20d1b37db684:25696,1,5:96d33a16-3d9f-4d2c-809b-20d1b37db684:198454
has_recommended_action,4:96d33a16-3d9f-4d2c-809b-20d1b37db684:56714,4:96d33a16-3d9f-4d2c-809b-20d1b37db684:25498,1,5:96d33a16-3d9f-4d2c-809b-20d1b37db684:198456
has_recommended_action,4:96d33a16-3d9f-4d2c-809b-20d1b37db684:56714,4:96d33a16-3d9f-4d2c-809b-20d1b37db684:46986,1,5:96d33a16-3d9f-4d2c-809b-20d1b37db684:198459
has_recommended_action,4:96d33a16-3d9f-4d2c-809b-20d1b37db684:56717,4:96d33a16-3d9f-4d2c-809b-20d1b37db684:25498,1,5:96d33a16-3d9f-4d2c-809b-20d1b37db684:198460
has_recommended_action,4:96d33a16-3d9f-4d2c-809b-20d1b37db684:56717,4:96d33a16-3d9f-4d2c-809b-20d1b37db684:25512,1,5:96d33a16-3d9f-4d2c-809b-20d1b37db684:198461
has_recommended_action,4:96d33a16-3d9f-4d2c-809b-20d1b37db684:56720,4:96d33a16-3d9f-4d2c-809b-20d1b37db684:25498,1,5:96d33a16-3d9f-4d2c-809b-20d1b37db684:198462
has_recommended_action,4:96d33a16-3d9f-4d2c-809b-20d1b37db684:56722,4:96d33a16-3d9f-4d2c-809b-20d1b37db684:25498,1,5:96d33a16-3d9f-4d2c-809b-20d1b37db684:198465
has_recommended_action,4:96d33a16-3d9f-4d2c-809b-20d1b37db684:56725,4:96d33a16-3d9f-4d2c-809b-20d1b37db684:25498,1,5:96d33a16-3d9f-4d2c-809b-20d1b37db684:198469
has_recommended_action,4:96d33a16-3d9f-4d2c-809b-20d1b37db684:56725,4:96d33a16-3d9f-4d2c-809b-20d1b37db684:25512,1,5:96d33a16-3d9f-4d2c-809b-20d1b37db684:198471
has_recommended_action,4:96d33a16-3d9f-4d2c-809b-20d1b37db684:56727,4:96d33a16-3d9f-4d2c-809b-20d1b37db684:25498,1,5:96d33a16-3d9f-4d2c-809b-20d1b37db684:198473
has_recommended_action,4:96d33a16-3d9f-4d2c-809b-20d1b37db684:56731,4:96d33a16-3d9f-4d2c-809b-20d1b37db684:25696,1,5:96d33a16-3d9f-4d2c-809b-20d1b37db684:198477
has_recommended_action,4:96d33a16-3d9f-4d2c-809b-20d1b37db684:56732,4:96d33a16-3d9f-4d2c-809b-20d1b37db684:36850,1,5:96d33a16-3d9f-4d2c-809b-20d1b37db684:198478
has_recommended_action,4:96d33a16-3d9f-4d2c-809b-20d1b37db684:56735,4:96d33a16-3d9f-4d2c-809b-20d1b37db684:25498,1,5:96d33a16-3d9f-4d2c-809b-20d1b37db684:198482
has_recommended_action,4:96d33a16-3d9f-4d2c-809b-20d1b37db684:56737,4:96d33a16-3d9f-4d2c-809b-20d1b37db684:51476,1,5:96d33a16-3d9f-4d2c-809b-20d1b37db684:198483
has_recommended_action,4:96d33a16-3d9f-4d2c-809b-20d1b37db684:56739,4:96d33a16-3d9f-4d2c-809b-20d1b37db684:25696,1,5:96d33a16-3d9f-4d2c-809b-20d1b37db684:198490
has_recommended_action,4:96d33a16-3d9f-4d2c-809b-20d1b37db684:56740,4:96d33a16-3d9f-4d2c-809b-20d1b37db684:25498,1,5:96d33a16-3d9f-4d2c-809b-20d1b37db684:198491
has_recommended_action,4:96d33a16-3d9f-4d2c-809b-20d1b37db684:56741,4:96d33a16-3d9f-4d2c-809b-20d1b37db684:25498,1,5:96d33a16-3d9f-4d2c-809b-20d1b37db684:198492
has_recommended_action,4:96d33a16-3d9f-4d2c-809b-20d1b37db684:56741,4:96d33a16-3d9f-4d2c-809b-20d1b37db684:25512,1,5:96d33a16-3d9f-4d2c-809b-20d1b37db684:198494
has_recommended_action,4:96d33a16-3d9f-4d2c-809b-20d1b37db684:56757,4:96d33a16-3d9f-4d2c-809b-20d1b37db684:25498,1,5:96d33a16-3d9f-4d2c-809b-20d1b37db684:198506
has_recommended_action,4:96d33a16-3d9f-4d2c-809b-20d1b37db684:56757,4:96d33a16-3d9f-4d2c-809b-20d1b37db684:36850,1,5:96d33a16-3d9f-4d2c-809b-20d1b37db684:198509
has_recommended_action,4:96d33a16-3d9f-4d2c-809b-20d1b37db684:56760,4:96d33a16-3d9f-4d2c-809b-20d1b37db684:25696,1,5:96d33a16-3d9f-4d2c-809b-20d1b37db684:198513
has_recommended_action,4:96d33a16-3d9f-4d2c-809b-20d1b37db684:56762,4:96d33a16-3d9f-4d2c-809b-20d1b37db684:25498,1,5:96d33a16-3d9f-4d2c-809b-20d1b37db684:198514
has_recommended_action,4:96d33a16-3d9f-4d2c-809b-20d1b37db684:56763,4:96d33a16-3d9f-4d2c-809b-20d1b37db684:25696,1,5:96d33a16-3d9f-4d2c-809b-20d1b37db684:198516
has_recommended_action,4:96d33a16-3d9f-4d2c-809b-20d1b37db684:56764,4:96d33a16-3d9f-4d2c-809b-20d1b37db684:25696,1,5:96d33a16-3d9f-4d2c-809b-20d1b37db684:198519
has_recommended_action,4:96d33a16-3d9f-4d2c-809b-20d1b37db684:56766,4:96d33a16-3d9f-4d2c-809b-20d1b37db684:46986,1,5:96d33a16-3d9f-4d2c-809b-20d1b37db684:198521
has_recommended_action,4:96d33a16-3d9f-4d2c-809b-20d1b37db684:56769,4:96d33a16-3d9f-4d2c-809b-20d1b37db684:25498,1,5:96d33a16-3d9f-4d2c-809b-20d1b37db684:198522
has_recommended_action,4:96d33a16-3d9f-4d2c-809b-20d1b37db684:56773,4:96d33a16-3d9f-4d2c-809b-20d1b37db684:36850,1,5:96d33a16-3d9f-4d2c-809b-20d1b37db684:198526
has_recommended_action,4:96d33a16-3d9f-4d2c-809b-20d1b37db684:56774,4:96d33a16-3d9f-4d2c-809b-20d1b37db684:25512,1,5:96d33a16-3d9f-4d2c-809b-20d1b37db684:198529
has_recommended_action,4:96d33a16-3d9f-4d2c-809b-20d1b37db684:56776,4:96d33a16-3d9f-4d2c-809b-20d1b37db684:25498,1,5:96d33a16-3d9f-4d2c-809b-20d1b37db684:198532
has_recommended_action,4:96d33a16-3d9f-4d2c-809b-20d1b37db684:56776,4:96d33a16-3d9f-4d2c-809b-20d1b37db684:25696,1,5:96d33a16-3d9f-4d2c-809b-20d1b37db684:198534
has_recommended_action,4:96d33a16-3d9f-4d2c-809b-20d1b37db684:56776,4:96d33a16-3d9f-4d2c-809b-20d1b37db684:46986,1,5:96d33a16-3d9f-4d2c-809b-20d1b37db684:198535
has_recommended_action,4:96d33a16-3d9f-4d2c-809b-20d1b37db684:56778,4:96d33a16-3d9f-4d2c-809b-20d1b37db684:25696,1,5:96d33a16-3d9f-4d2c-809b-20d1b37db684:198538
has_recommended_action,4:96d33a16-3d9f-4d2c-809b-20d1b37db684:56779,4:96d33a16-3d9f-4d2c-809b-20d1b37db684:36850,1,5:96d33a16-3d9f-4d2c-809b-20d1b37db684:198539
has_recommended_action,4:96d33a16-3d9f-4d2c-809b-20d1b37db684:56791,4:96d33a16-3d9f-4d2c-809b-20d1b37db684:25512,1,5:96d33a16-3d9f-4d2c-809b-20d1b37db684:198548
has_recommended_action,4:96d33a16-3d9f-4d2c-809b-20d1b37db684:56792,4:96d33a16-3d9f-4d2c-809b-20d1b37db684:25498,1,5:96d33a16-3d9f-4d2c-809b-20d1b37db684:198550
has_recommended_action,4:96d33a16-3d9f-4d2c-809b-20d1b37db684:56795,4:96d33a16-3d9f-4d2c-809b-20d1b37db684:25498,1,5:96d33a16-3d9f-4d2c-809b-20d1b37db684:198551
has_recommended_action,4:96d33a16-3d9f-4d2c-809b-20d1b37db684:56796,4:96d33a16-3d9f-4d2c-809b-20d1b37db684:25512,1,5:96d33a16-3d9f-4d2c-809b-20d1b37db684:198554
has_recommended_action,4:96d33a16-3d9f-4d2c-809b-20d1b37db684:56801,4:96d33a16-3d9f-4d2c-809b-20d1b37db684:25498,1,5:96d33a16-3d9f-4d2c-809b-20d1b37db684:198555
has_recommended_action,4:96d33a16-3d9f-4d2c-809b-20d1b37db684:56803,4:96d33a16-3d9f-4d2c-809b-20d1b37db684:25498,1,5:96d33a16-3d9f-4d2c-809b-20d1b37db684:198559
has_recommended_action,4:96d33a16-3d9f-4d2c-809b-20d1b37db684:56806,4:96d33a16-3d9f-4d2c-809b-20d1b37db684:25498,1,5:96d33a16-3d9f-4d2c-809b-20d1b37db684:198560
has_recommended_action,4:96d33a16-3d9f-4d2c-809b-20d1b37db684:56808,4:96d33a16-3d9f-4d2c-809b-20d1b37db684:25498,1,5:96d33a16-3d9f-4d2c-809b-20d1b37db684:198561
has_recommended_action,4:96d33a16-3d9f-4d2c-809b-20d1b37db684:56809,4:96d33a16-3d9f-4d2c-809b-20d1b37db684:25696,1,5:96d33a16-3d9f-4d2c-809b-20d1b37db684:198565
has_recommended_action,4:96d33a16-3d9f-4d2c-809b-20d1b37db684:56816,4:96d33a16-3d9f-4d2c-809b-20d1b37db684:25512,1,5:96d33a16-3d9f-4d2c-809b-20d1b37db684:198572
has_recommended_action,4:96d33a16-3d9f-4d2c-809b-20d1b37db684:56817,4:96d33a16-3d9f-4d2c-809b-20d1b37db684:25696,1,5:96d33a16-3d9f-4d2c-809b-20d1b37db684:198576
has_recommended_action,4:96d33a16-3d9f-4d2c-809b-20d1b37db684:56828,4:96d33a16-3d9f-4d2c-809b-20d1b37db684:25512,1,5:96d33a16-3d9f-4d2c-809b-20d1b37db684:198582
has_recommended_action,4:96d33a16-3d9f-4d2c-809b-20d1b37db684:56832,4:96d33a16-3d9f-4d2c-809b-20d1b37db684:25696,1,5:96d33a16-3d9f-4d2c-809b-20d1b37db684:198587
has_recommended_action,4:96d33a16-3d9f-4d2c-809b-20d1b37db684:56837,4:96d33a16-3d9f-4d2c-809b-20d1b37db684:36850,1,5:96d33a16-3d9f-4d2c-809b-20d1b37db684:198588
has_recommended_action,4:96d33a16-3d9f-4d2c-809b-20d1b37db684:56846,4:96d33a16-3d9f-4d2c-809b-20d1b37db684:25498,1,5:96d33a16-3d9f-4d2c-809b-20d1b37db684:198589
has_recommended_action,4:96d33a16-3d9f-4d2c-809b-20d1b37db684:56848,4:96d33a16-3d9f-4d2c-809b-20d1b37db684:25498,1,5:96d33a16-3d9f-4d2c-809b-20d1b37db684:198592
has_recommended_action,4:96d33a16-3d9f-4d2c-809b-20d1b37db684:56848,4:96d33a16-3d9f-4d2c-809b-20d1b37db684:25512,1,5:96d33a16-3d9f-4d2c-809b-20d1b37db684:198593
has_recommended_action,4:96d33a16-3d9f-4d2c-809b-20d1b37db684:56854,4:96d33a16-3d9f-4d2c-809b-20d1b37db684:25498,1,5:96d33a16-3d9f-4d2c-809b-20d1b37db684:198597
has_recommended_action,4:96d33a16-3d9f-4d2c-809b-20d1b37db684:56855,4:96d33a16-3d9f-4d2c-809b-20d1b37db684:25696,1,5:96d33a16-3d9f-4d2c-809b-20d1b37db684:198602
has_recommended_action,4:96d33a16-3d9f-4d2c-809b-20d1b37db684:56857,4:96d33a16-3d9f-4d2c-809b-20d1b37db684:25512,1,5:96d33a16-3d9f-4d2c-809b-20d1b37db684:198604
has_recommended_action,4:96d33a16-3d9f-4d2c-809b-20d1b37db684:56857,4:96d33a16-3d9f-4d2c-809b-20d1b37db684:25696,1,5:96d33a16-3d9f-4d2c-809b-20d1b37db684:198606
has_recommended_action,4:96d33a16-3d9f-4d2c-809b-20d1b37db684:56858,4:96d33a16-3d9f-4d2c-809b-20d1b37db684:25696,1,5:96d33a16-3d9f-4d2c-809b-20d1b37db684:198608
has_recommended_action,4:96d33a16-3d9f-4d2c-809b-20d1b37db684:56860,4:96d33a16-3d9f-4d2c-809b-20d1b37db684:25498,1,5:96d33a16-3d9f-4d2c-809b-20d1b37db684:198609
has_recommended_action,4:96d33a16-3d9f-4d2c-809b-20d1b37db684:56861,4:96d33a16-3d9f-4d2c-809b-20d1b37db684:46986,1,5:96d33a16-3d9f-4d2c-809b-20d1b37db684:198611
has_recommended_action,4:96d33a16-3d9f-4d2c-809b-20d1b37db684:56877,4:96d33a16-3d9f-4d2c-809b-20d1b37db684:46986,1,5:96d33a16-3d9f-4d2c-809b-20d1b37db684:198623
has_recommended_action,4:96d33a16-3d9f-4d2c-809b-20d1b37db684:56881,4:96d33a16-3d9f-4d2c-809b-20d1b37db684:25498,1,5:96d33a16-3d9f-4d2c-809b-20d1b37db684:198624
has_recommended_action,4:96d33a16-3d9f-4d2c-809b-20d1b37db684:56886,4:96d33a16-3d9f-4d2c-809b-20d1b37db684:46986,1,5:96d33a16-3d9f-4d2c-809b-20d1b37db684:198627
has_recommended_action,4:96d33a16-3d9f-4d2c-809b-20d1b37db684:56894,4:96d33a16-3d9f-4d2c-809b-20d1b37db684:25498,1,5:96d33a16-3d9f-4d2c-809b-20d1b37db684:198631
has_recommended_action,4:96d33a16-3d9f-4d2c-809b-20d1b37db684:56894,4:96d33a16-3d9f-4d2c-809b-20d1b37db684:25696,1,5:96d33a16-3d9f-4d2c-809b-20d1b37db684:198634
has_recommended_action,4:96d33a16-3d9f-4d2c-809b-20d1b37db684:56896,4:96d33a16-3d9f-4d2c-809b-20d1b37db684:25498,1,5:96d33a16-3d9f-4d2c-809b-20d1b37db684:198635
has_recommended_action,4:96d33a16-3d9f-4d2c-809b-20d1b37db684:56899,4:96d33a16-3d9f-4d2c-809b-20d1b37db684:25696,1,5:96d33a16-3d9f-4d2c-809b-20d1b37db684:198640
has_recommended_action,4:96d33a16-3d9f-4d2c-809b-20d1b37db684:56899,4:96d33a16-3d9f-4d2c-809b-20d1b37db684:46986,1,5:96d33a16-3d9f-4d2c-809b-20d1b37db684:198641
has_recommended_action,4:96d33a16-3d9f-4d2c-809b-20d1b37db684:56901,4:96d33a16-3d9f-4d2c-809b-20d1b37db684:25512,1,5:96d33a16-3d9f-4d2c-809b-20d1b37db684:198642
has_recommended_action,4:96d33a16-3d9f-4d2c-809b-20d1b37db684:56902,4:96d33a16-3d9f-4d2c-809b-20d1b37db684:25498,1,5:96d33a16-3d9f-4d2c-809b-20d1b37db684:198643
has_recommended_action,4:96d33a16-3d9f-4d2c-809b-20d1b37db684:56906,4:96d33a16-3d9f-4d2c-809b-20d1b37db684:25696,1,5:96d33a16-3d9f-4d2c-809b-20d1b37db684:198645
has_recommended_action,4:96d33a16-3d9f-4d2c-809b-20d1b37db684:56907,4:96d33a16-3d9f-4d2c-809b-20d1b37db684:25512,1,5:96d33a16-3d9f-4d2c-809b-20d1b37db684:198647
has_recommended_action,4:96d33a16-3d9f-4d2c-809b-20d1b37db684:56911,4:96d33a16-3d9f-4d2c-809b-20d1b37db684:25696,1,5:96d33a16-3d9f-4d2c-809b-20d1b37db684:198651
has_recommended_action,4:96d33a16-3d9f-4d2c-809b-20d1b37db684:56912,4:96d33a16-3d9f-4d2c-809b-20d1b37db684:46986,1,5:96d33a16-3d9f-4d2c-809b-20d1b37db684:198653
has_recommended_action,4:96d33a16-3d9f-4d2c-809b-20d1b37db684:56916,4:96d33a16-3d9f-4d2c-809b-20d1b37db684:25696,1,5:96d33a16-3d9f-4d2c-809b-20d1b37db684:198658
has_recommended_action,4:96d33a16-3d9f-4d2c-809b-20d1b37db684:56919,4:96d33a16-3d9f-4d2c-809b-20d1b37db684:25696,1,5:96d33a16-3d9f-4d2c-809b-20d1b37db684:198663
has_recommended_action,4:96d33a16-3d9f-4d2c-809b-20d1b37db684:56920,4:96d33a16-3d9f-4d2c-809b-20d1b37db684:25498,1,5:96d33a16-3d9f-4d2c-809b-20d1b37db684:198664
has_recommended_action,4:96d33a16-3d9f-4d2c-809b-20d1b37db684:56920,4:96d33a16-3d9f-4d2c-809b-20d1b37db684:25512,1,5:96d33a16-3d9f-4d2c-809b-20d1b37db684:198666
has_recommended_action,4:96d33a16-3d9f-4d2c-809b-20d1b37db684:56926,4:96d33a16-3d9f-4d2c-809b-20d1b37db684:25696,1,5:96d33a16-3d9f-4d2c-809b-20d1b37db684:198671
has_recommended_action,4:96d33a16-3d9f-4d2c-809b-20d1b37db684:56927,4:96d33a16-3d9f-4d2c-809b-20d1b37db684:36850,1,5:96d33a16-3d9f-4d2c-809b-20d1b37db684:198674
has_recommended_action,4:96d33a16-3d9f-4d2c-809b-20d1b37db684:56929,4:96d33a16-3d9f-4d2c-809b-20d1b37db684:25512,1,5:96d33a16-3d9f-4d2c-809b-20d1b37db684:198676
has_recommended_action,4:96d33a16-3d9f-4d2c-809b-20d1b37db684:56934,4:96d33a16-3d9f-4d2c-809b-20d1b37db684:46986,1,5:96d33a16-3d9f-4d2c-809b-20d1b37db684:198679
has_recommended_action,4:96d33a16-3d9f-4d2c-809b-20d1b37db684:56940,4:96d33a16-3d9f-4d2c-809b-20d1b37db684:36850,1,5:96d33a16-3d9f-4d2c-809b-20d1b37db684:198685
has_recommended_action,4:96d33a16-3d9f-4d2c-809b-20d1b37db684:56944,4:96d33a16-3d9f-4d2c-809b-20d1b37db684:25696,1,5:96d33a16-3d9f-4d2c-809b-20d1b37db684:198691
has_recommended_action,4:96d33a16-3d9f-4d2c-809b-20d1b37db684:56952,4:96d33a16-3d9f-4d2c-809b-20d1b37db684:25498,1,5:96d33a16-3d9f-4d2c-809b-20d1b37db684:198699
has_recommended_action,4:96d33a16-3d9f-4d2c-809b-20d1b37db684:56952,4:96d33a16-3d9f-4d2c-809b-20d1b37db684:25512,1,5:96d33a16-3d9f-4d2c-809b-20d1b37db684:198700
has_recommended_action,4:96d33a16-3d9f-4d2c-809b-20d1b37db684:56955,4:96d33a16-3d9f-4d2c-809b-20d1b37db684:25498,1,5:96d33a16-3d9f-4d2c-809b-20d1b37db684:198703
has_recommended_action,4:96d33a16-3d9f-4d2c-809b-20d1b37db684:56955,4:96d33a16-3d9f-4d2c-809b-20d1b37db684:36850,1,5:96d33a16-3d9f-4d2c-809b-20d1b37db684:198704
has_recommended_action,4:96d33a16-3d9f-4d2c-809b-20d1b37db684:56958,4:96d33a16-3d9f-4d2c-809b-20d1b37db684:25498,1,5:96d33a16-3d9f-4d2c-809b-20d1b37db684:198705
has_recommended_action,4:96d33a16-3d9f-4d2c-809b-20d1b37db684:56963,4:96d33a16-3d9f-4d2c-809b-20d1b37db684:25512,1,5:96d33a16-3d9f-4d2c-809b-20d1b37db684:198711
has_recommended_action,4:96d33a16-3d9f-4d2c-809b-20d1b37db684:56963,4:96d33a16-3d9f-4d2c-809b-20d1b37db684:36850,1,5:96d33a16-3d9f-4d2c-809b-20d1b37db684:198715
has_recommended_action,4:96d33a16-3d9f-4d2c-809b-20d1b37db684:56969,4:96d33a16-3d9f-4d2c-809b-20d1b37db684:25498,1,5:96d33a16-3d9f-4d2c-809b-20d1b37db684:198719
has_recommended_action,4:96d33a16-3d9f-4d2c-809b-20d1b37db684:56970,4:96d33a16-3d9f-4d2c-809b-20d1b37db684:25498,1,5:96d33a16-3d9f-4d2c-809b-20d1b37db684:198720
has_recommended_action,4:96d33a16-3d9f-4d2c-809b-20d1b37db684:56970,4:96d33a16-3d9f-4d2c-809b-20d1b37db684:36850,1,5:96d33a16-3d9f-4d2c-809b-20d1b37db684:198722
has_recommended_action,4:96d33a16-3d9f-4d2c-809b-20d1b37db684:56970,4:96d33a16-3d9f-4d2c-809b-20d1b37db684:25696,1,5:96d33a16-3d9f-4d2c-809b-20d1b37db684:198724
has_recommended_action,4:96d33a16-3d9f-4d2c-809b-20d1b37db684:56972,4:96d33a16-3d9f-4d2c-809b-20d1b37db684:25498,1,5:96d33a16-3d9f-4d2c-809b-20d1b37db684:198725
has_recommended_action,4:96d33a16-3d9f-4d2c-809b-20d1b37db684:56974,4:96d33a16-3d9f-4d2c-809b-20d1b37db684:25498,1,5:96d33a16-3d9f-4d2c-809b-20d1b37db684:198726
has_recommended_action,4:96d33a16-3d9f-4d2c-809b-20d1b37db684:56979,4:96d33a16-3d9f-4d2c-809b-20d1b37db684:25696,1,5:96d33a16-3d9f-4d2c-809b-20d1b37db684:198734
has_recommended_action,4:96d33a16-3d9f-4d2c-809b-20d1b37db684:56981,4:96d33a16-3d9f-4d2c-809b-20d1b37db684:36850,1,5:96d33a16-3d9f-4d2c-809b-20d1b37db684:198736
has_recommended_action,4:96d33a16-3d9f-4d2c-809b-20d1b37db684:56987,4:96d33a16-3d9f-4d2c-809b-20d1b37db684:25696,1,5:96d33a16-3d9f-4d2c-809b-20d1b37db684:198741
has_recommended_action,4:96d33a16-3d9f-4d2c-809b-20d1b37db684:56990,4:96d33a16-3d9f-4d2c-809b-20d1b37db684:25498,1,5:96d33a16-3d9f-4d2c-809b-20d1b37db684:198742
has_recommended_action,4:96d33a16-3d9f-4d2c-809b-20d1b37db684:56990,4:96d33a16-3d9f-4d2c-809b-20d1b37db684:25512,1,5:96d33a16-3d9f-4d2c-809b-20d1b37db684:198744
has_recommended_action,4:96d33a16-3d9f-4d2c-809b-20d1b37db684:56992,4:96d33a16-3d9f-4d2c-809b-20d1b37db684:25512,1,5:96d33a16-3d9f-4d2c-809b-20d1b37db684:198746
has_recommended_action,4:96d33a16-3d9f-4d2c-809b-20d1b37db684:56995,4:96d33a16-3d9f-4d2c-809b-20d1b37db684:36850,1,5:96d33a16-3d9f-4d2c-809b-20d1b37db684:198749
has_recommended_action,4:96d33a16-3d9f-4d2c-809b-20d1b37db684:56998,4:96d33a16-3d9f-4d2c-809b-20d1b37db684:25498,1,5:96d33a16-3d9f-4d2c-809b-20d1b37db684:198750
has_recommended_action,4:96d33a16-3d9f-4d2c-809b-20d1b37db684:56998,4:96d33a16-3d9f-4d2c-809b-20d1b37db684:36850,1,5:96d33a16-3d9f-4d2c-809b-20d1b37db684:198752
has_recommended_action,4:96d33a16-3d9f-4d2c-809b-20d1b37db684:56998,4:96d33a16-3d9f-4d2c-809b-20d1b37db684:25696,1,5:96d33a16-3d9f-4d2c-809b-20d1b37db684:198754
has_recommended_action,4:96d33a16-3d9f-4d2c-809b-20d1b37db684:57012,4:96d33a16-3d9f-4d2c-809b-20d1b37db684:25498,1,5:96d33a16-3d9f-4d2c-809b-20d1b37db684:198757
has_recommended_action,4:96d33a16-3d9f-4d2c-809b-20d1b37db684:57012,4:96d33a16-3d9f-4d2c-809b-20d1b37db684:25696,1,5:96d33a16-3d9f-4d2c-809b-20d1b37db684:198760
has_recommended_action,4:96d33a16-3d9f-4d2c-809b-20d1b37db684:57012,4:96d33a16-3d9f-4d2c-809b-20d1b37db684:46986,1,5:96d33a16-3d9f-4d2c-809b-20d1b37db684:198761
has_recommended_action,4:96d33a16-3d9f-4d2c-809b-20d1b37db684:57015,4:96d33a16-3d9f-4d2c-809b-20d1b37db684:25512,1,5:96d33a16-3d9f-4d2c-809b-20d1b37db684:198763
has_recommended_action,4:96d33a16-3d9f-4d2c-809b-20d1b37db684:57015,4:96d33a16-3d9f-4d2c-809b-20d1b37db684:25696,1,5:96d33a16-3d9f-4d2c-809b-20d1b37db684:198765
has_recommended_action,4:96d33a16-3d9f-4d2c-809b-20d1b37db684:57019,4:96d33a16-3d9f-4d2c-809b-20d1b37db684:25498,1,5:96d33a16-3d9f-4d2c-809b-20d1b37db684:198766
has_recommended_action,4:96d33a16-3d9f-4d2c-809b-20d1b37db684:57022,4:96d33a16-3d9f-4d2c-809b-20d1b37db684:25498,1,5:96d33a16-3d9f-4d2c-809b-20d1b37db684:198770
has_recommended_action,4:96d33a16-3d9f-4d2c-809b-20d1b37db684:57028,4:96d33a16-3d9f-4d2c-809b-20d1b37db684:25498,1,5:96d33a16-3d9f-4d2c-809b-20d1b37db684:198773
has_recommended_action,4:96d33a16-3d9f-4d2c-809b-20d1b37db684:57029,4:96d33a16-3d9f-4d2c-809b-20d1b37db684:25696,1,5:96d33a16-3d9f-4d2c-809b-20d1b37db684:198777
has_recommended_action,4:96d33a16-3d9f-4d2c-809b-20d1b37db684:57031,4:96d33a16-3d9f-4d2c-809b-20d1b37db684:25512,1,5:96d33a16-3d9f-4d2c-809b-20d1b37db684:198781
has_recommended_action,4:96d33a16-3d9f-4d2c-809b-20d1b37db684:57033,4:96d33a16-3d9f-4d2c-809b-20d1b37db684:25696,1,5:96d33a16-3d9f-4d2c-809b-20d1b37db684:198786
has_recommended_action,4:96d33a16-3d9f-4d2c-809b-20d1b37db684:57038,4:96d33a16-3d9f-4d2c-809b-20d1b37db684:25498,1,5:96d33a16-3d9f-4d2c-809b-20d1b37db684:198787
has_recommended_action,4:96d33a16-3d9f-4d2c-809b-20d1b37db684:57046,4:96d33a16-3d9f-4d2c-809b-20d1b37db684:25498,1,5:96d33a16-3d9f-4d2c-809b-20d1b37db684:198794
has_recommended_action,4:96d33a16-3d9f-4d2c-809b-20d1b37db684:57046,4:96d33a16-3d9f-4d2c-809b-20d1b37db684:25512,1,5:96d33a16-3d9f-4d2c-809b-20d1b37db684:198796
has_recommended_action,4:96d33a16-3d9f-4d2c-809b-20d1b37db684:57050,4:96d33a16-3d9f-4d2c-809b-20d1b37db684:36850,1,5:96d33a16-3d9f-4d2c-809b-20d1b37db684:198803
has_recommended_action,4:96d33a16-3d9f-4d2c-809b-20d1b37db684:57056,4:96d33a16-3d9f-4d2c-809b-20d1b37db684:36850,1,5:96d33a16-3d9f-4d2c-809b-20d1b37db684:198805
has_recommended_action,4:96d33a16-3d9f-4d2c-809b-20d1b37db684:57064,4:96d33a16-3d9f-4d2c-809b-20d1b37db684:25696,1,5:96d33a16-3d9f-4d2c-809b-20d1b37db684:198807
has_recommended_action,4:96d33a16-3d9f-4d2c-809b-20d1b37db684:57065,4:96d33a16-3d9f-4d2c-809b-20d1b37db684:36850,1,5:96d33a16-3d9f-4d2c-809b-20d1b37db684:198809
has_recommended_action,4:96d33a16-3d9f-4d2c-809b-20d1b37db684:57066,4:96d33a16-3d9f-4d2c-809b-20d1b37db684:25498,1,5:96d33a16-3d9f-4d2c-809b-20d1b37db684:198810
has_recommended_action,4:96d33a16-3d9f-4d2c-809b-20d1b37db684:57067,4:96d33a16-3d9f-4d2c-809b-20d1b37db684:25512,1,5:96d33a16-3d9f-4d2c-809b-20d1b37db684:198811
has_recommended_action,4:96d33a16-3d9f-4d2c-809b-20d1b37db684:57068,4:96d33a16-3d9f-4d2c-809b-20d1b37db684:25498,1,5:96d33a16-3d9f-4d2c-809b-20d1b37db684:198812
has_recommended_action,4:96d33a16-3d9f-4d2c-809b-20d1b37db684:57070,4:96d33a16-3d9f-4d2c-809b-20d1b37db684:25498,1,5:96d33a16-3d9f-4d2c-809b-20d1b37db684:198815
has_recommended_action,4:96d33a16-3d9f-4d2c-809b-20d1b37db684:57070,4:96d33a16-3d9f-4d2c-809b-20d1b37db684:25512,1,5:96d33a16-3d9f-4d2c-809b-20d1b37db684:198816
has_recommended_action,4:96d33a16-3d9f-4d2c-809b-20d1b37db684:57071,4:96d33a16-3d9f-4d2c-809b-20d1b37db684:25498,1,5:96d33a16-3d9f-4d2c-809b-20d1b37db684:198817
has_recommended_action,4:96d33a16-3d9f-4d2c-809b-20d1b37db684:57071,4:96d33a16-3d9f-4d2c-809b-20d1b37db684:25512,1,5:96d33a16-3d9f-4d2c-809b-20d1b37db684:198819
has_recommended_action,4:96d33a16-3d9f-4d2c-809b-20d1b37db684:57071,4:96d33a16-3d9f-4d2c-809b-20d1b37db684:36850,1,5:96d33a16-3d9f-4d2c-809b-20d1b37db684:198820
has_recommended_action,4:96d33a16-3d9f-4d2c-809b-20d1b37db684:57072,4:96d33a16-3d9f-4d2c-809b-20d1b37db684:25498,1,5:96d33a16-3d9f-4d2c-809b-20d1b37db684:198822
has_recommended_action,4:96d33a16-3d9f-4d2c-809b-20d1b37db684:57073,4:96d33a16-3d9f-4d2c-809b-20d1b37db684:25696,1,5:96d33a16-3d9f-4d2c-809b-20d1b37db684:198824
has_recommended_action,4:96d33a16-3d9f-4d2c-809b-20d1b37db684:57075,4:96d33a16-3d9f-4d2c-809b-20d1b37db684:25512,1,5:96d33a16-3d9f-4d2c-809b-20d1b37db684:198828
has_recommended_action,4:96d33a16-3d9f-4d2c-809b-20d1b37db684:57075,4:96d33a16-3d9f-4d2c-809b-20d1b37db684:25696,1,5:96d33a16-3d9f-4d2c-809b-20d1b37db684:198830
has_recommended_action,4:96d33a16-3d9f-4d2c-809b-20d1b37db684:57077,4:96d33a16-3d9f-4d2c-809b-20d1b37db684:36850,1,5:96d33a16-3d9f-4d2c-809b-20d1b37db684:198832
has_recommended_action,4:96d33a16-3d9f-4d2c-809b-20d1b37db684:57077,4:96d33a16-3d9f-4d2c-809b-20d1b37db684:25696,1,5:96d33a16-3d9f-4d2c-809b-20d1b37db684:198834
has_recommended_action,4:96d33a16-3d9f-4d2c-809b-20d1b37db684:57077,4:96d33a16-3d9f-4d2c-809b-20d1b37db684:46986,1,5:96d33a16-3d9f-4d2c-809b-20d1b37db684:198835
has_recommended_action,4:96d33a16-3d9f-4d2c-809b-20d1b37db684:57083,4:96d33a16-3d9f-4d2c-809b-20d1b37db684:25498,1,5:96d33a16-3d9f-4d2c-809b-20d1b37db684:198839
has_recommended_action,4:96d33a16-3d9f-4d2c-809b-20d1b37db684:57085,4:96d33a16-3d9f-4d2c-809b-20d1b37db684:25498,1,5:96d33a16-3d9f-4d2c-809b-20d1b37db684:198841
has_recommended_action,4:96d33a16-3d9f-4d2c-809b-20d1b37db684:57085,4:96d33a16-3d9f-4d2c-809b-20d1b37db684:25512,1,5:96d33a16-3d9f-4d2c-809b-20d1b37db684:198843
has_recommended_action,4:96d33a16-3d9f-4d2c-809b-20d1b37db684:57086,4:96d33a16-3d9f-4d2c-809b-20d1b37db684:25498,1,5:96d33a16-3d9f-4d2c-809b-20d1b37db684:198845
has_recommended_action,4:96d33a16-3d9f-4d2c-809b-20d1b37db684:57086,4:96d33a16-3d9f-4d2c-809b-20d1b37db684:25512,1,5:96d33a16-3d9f-4d2c-809b-20d1b37db684:198847
has_recommended_action,4:96d33a16-3d9f-4d2c-809b-20d1b37db684:57094,4:96d33a16-3d9f-4d2c-809b-20d1b37db684:25498,1,5:96d33a16-3d9f-4d2c-809b-20d1b37db684:198851
has_recommended_action,4:96d33a16-3d9f-4d2c-809b-20d1b37db684:57096,4:96d33a16-3d9f-4d2c-809b-20d1b37db684:46986,1,5:96d33a16-3d9f-4d2c-809b-20d1b37db684:198855
has_recommended_action,4:96d33a16-3d9f-4d2c-809b-20d1b37db684:57102,4:96d33a16-3d9f-4d2c-809b-20d1b37db684:25512,1,5:96d33a16-3d9f-4d2c-809b-20d1b37db684:198857
has_recommended_action,4:96d33a16-3d9f-4d2c-809b-20d1b37db684:57105,4:96d33a16-3d9f-4d2c-809b-20d1b37db684:46986,1,5:96d33a16-3d9f-4d2c-809b-20d1b37db684:198860
has_recommended_action,4:96d33a16-3d9f-4d2c-809b-20d1b37db684:57108,4:96d33a16-3d9f-4d2c-809b-20d1b37db684:25498,1,5:96d33a16-3d9f-4d2c-809b-20d1b37db684:198863
has_recommended_action,4:96d33a16-3d9f-4d2c-809b-20d1b37db684:57112,4:96d33a16-3d9f-4d2c-809b-20d1b37db684:36850,1,5:96d33a16-3d9f-4d2c-809b-20d1b37db684:198864
has_recommended_action,4:96d33a16-3d9f-4d2c-809b-20d1b37db684:57121,4:96d33a16-3d9f-4d2c-809b-20d1b37db684:25696,1,5:96d33a16-3d9f-4d2c-809b-20d1b37db684:198872
has_recommended_action,4:96d33a16-3d9f-4d2c-809b-20d1b37db684:57128,4:96d33a16-3d9f-4d2c-809b-20d1b37db684:25498,1,5:96d33a16-3d9f-4d2c-809b-20d1b37db684:198882
has_recommended_action,4:96d33a16-3d9f-4d2c-809b-20d1b37db684:57136,4:96d33a16-3d9f-4d2c-809b-20d1b37db684:25696,1,5:96d33a16-3d9f-4d2c-809b-20d1b37db684:198890
has_recommended_action,4:96d33a16-3d9f-4d2c-809b-20d1b37db684:57138,4:96d33a16-3d9f-4d2c-809b-20d1b37db684:25498,1,5:96d33a16-3d9f-4d2c-809b-20d1b37db684:198892
has_recommended_action,4:96d33a16-3d9f-4d2c-809b-20d1b37db684:57138,4:96d33a16-3d9f-4d2c-809b-20d1b37db684:25512,1,5:96d33a16-3d9f-4d2c-809b-20d1b37db684:198893
has_recommended_action,4:96d33a16-3d9f-4d2c-809b-20d1b37db684:57140,4:96d33a16-3d9f-4d2c-809b-20d1b37db684:25696,1,5:96d33a16-3d9f-4d2c-809b-20d1b37db684:198895
has_recommended_action,4:96d33a16-3d9f-4d2c-809b-20d1b37db684:57141,4:96d33a16-3d9f-4d2c-809b-20d1b37db684:25512,1,5:96d33a16-3d9f-4d2c-809b-20d1b37db684:198896
has_recommended_action,4:96d33a16-3d9f-4d2c-809b-20d1b37db684:57142,4:96d33a16-3d9f-4d2c-809b-20d1b37db684:25498,1,5:96d33a16-3d9f-4d2c-809b-20d1b37db684:198897
has_recommended_action,4:96d33a16-3d9f-4d2c-809b-20d1b37db684:57142,4:96d33a16-3d9f-4d2c-809b-20d1b37db684:36850,1,5:96d33a16-3d9f-4d2c-809b-20d1b37db684:198900
has_recommended_action,4:96d33a16-3d9f-4d2c-809b-20d1b37db684:57145,4:96d33a16-3d9f-4d2c-809b-20d1b37db684:25696,1,5:96d33a16-3d9f-4d2c-809b-20d1b37db684:198904
has_recommended_action,4:96d33a16-3d9f-4d2c-809b-20d1b37db684:57150,4:96d33a16-3d9f-4d2c-809b-20d1b37db684:25498,1,5:96d33a16-3d9f-4d2c-809b-20d1b37db684:198907
has_recommended_action,4:96d33a16-3d9f-4d2c-809b-20d1b37db684:57158,4:96d33a16-3d9f-4d2c-809b-20d1b37db684:25498,1,5:96d33a16-3d9f-4d2c-809b-20d1b37db684:198909
has_recommended_action,4:96d33a16-3d9f-4d2c-809b-20d1b37db684:57158,4:96d33a16-3d9f-4d2c-809b-20d1b37db684:25512,1,5:96d33a16-3d9f-4d2c-809b-20d1b37db684:198911
has_recommended_action,4:96d33a16-3d9f-4d2c-809b-20d1b37db684:57169,4:96d33a16-3d9f-4d2c-809b-20d1b37db684:25498,1,5:96d33a16-3d9f-4d2c-809b-20d1b37db684:198923
has_recommended_action,4:96d33a16-3d9f-4d2c-809b-20d1b37db684:57169,4:96d33a16-3d9f-4d2c-809b-20d1b37db684:25512,1,5:96d33a16-3d9f-4d2c-809b-20d1b37db684:198925
has_recommended_action,4:96d33a16-3d9f-4d2c-809b-20d1b37db684:57174,4:96d33a16-3d9f-4d2c-809b-20d1b37db684:25696,1,5:96d33a16-3d9f-4d2c-809b-20d1b37db684:198929
has_recommended_action,4:96d33a16-3d9f-4d2c-809b-20d1b37db684:57183,4:96d33a16-3d9f-4d2c-809b-20d1b37db684:25512,1,5:96d33a16-3d9f-4d2c-809b-20d1b37db684:198936
has_recommended_action,4:96d33a16-3d9f-4d2c-809b-20d1b37db684:57183,4:96d33a16-3d9f-4d2c-809b-20d1b37db684:25696,1,5:96d33a16-3d9f-4d2c-809b-20d1b37db684:198938
has_recommended_action,4:96d33a16-3d9f-4d2c-809b-20d1b37db684:57186,4:96d33a16-3d9f-4d2c-809b-20d1b37db684:25498,1,5:96d33a16-3d9f-4d2c-809b-20d1b37db684:198940
has_recommended_action,4:96d33a16-3d9f-4d2c-809b-20d1b37db684:57189,4:96d33a16-3d9f-4d2c-809b-20d1b37db684:25512,1,5:96d33a16-3d9f-4d2c-809b-20d1b37db684:198942
has_recommended_action,4:96d33a16-3d9f-4d2c-809b-20d1b37db684:57191,4:96d33a16-3d9f-4d2c-809b-20d1b37db684:25498,1,5:96d33a16-3d9f-4d2c-809b-20d1b37db684:198943
has_recommended_action,4:96d33a16-3d9f-4d2c-809b-20d1b37db684:57192,4:96d33a16-3d9f-4d2c-809b-20d1b37db684:25498,1,5:96d33a16-3d9f-4d2c-809b-20d1b37db684:198944
has_recommended_action,4:96d33a16-3d9f-4d2c-809b-20d1b37db684:57193,4:96d33a16-3d9f-4d2c-809b-20d1b37db684:25498,1,5:96d33a16-3d9f-4d2c-809b-20d1b37db684:198947
has_recommended_action,4:96d33a16-3d9f-4d2c-809b-20d1b37db684:57194,4:96d33a16-3d9f-4d2c-809b-20d1b37db684:25696,1,5:96d33a16-3d9f-4d2c-809b-20d1b37db684:198949
has_recommended_action,4:96d33a16-3d9f-4d2c-809b-20d1b37db684:57195,4:96d33a16-3d9f-4d2c-809b-20d1b37db684:25512,1,5:96d33a16-3d9f-4d2c-809b-20d1b37db684:198951
has_recommended_action,4:96d33a16-3d9f-4d2c-809b-20d1b37db684:57195,4:96d33a16-3d9f-4d2c-809b-20d1b37db684:25696,1,5:96d33a16-3d9f-4d2c-809b-20d1b37db684:198953
has_recommended_action,4:96d33a16-3d9f-4d2c-809b-20d1b37db684:57199,4:96d33a16-3d9f-4d2c-809b-20d1b37db684:46986,1,5:96d33a16-3d9f-4d2c-809b-20d1b37db684:198958
has_recommended_action,4:96d33a16-3d9f-4d2c-809b-20d1b37db684:57204,4:96d33a16-3d9f-4d2c-809b-20d1b37db684:25696,1,5:96d33a16-3d9f-4d2c-809b-20d1b37db684:198963
has_recommended_action,4:96d33a16-3d9f-4d2c-809b-20d1b37db684:57213,4:96d33a16-3d9f-4d2c-809b-20d1b37db684:25696,1,5:96d33a16-3d9f-4d2c-809b-20d1b37db684:198970
has_recommended_action,4:96d33a16-3d9f-4d2c-809b-20d1b37db684:57217,4:96d33a16-3d9f-4d2c-809b-20d1b37db684:25498,1,5:96d33a16-3d9f-4d2c-809b-20d1b37db684:198973
has_recommended_action,4:96d33a16-3d9f-4d2c-809b-20d1b37db684:57225,4:96d33a16-3d9f-4d2c-809b-20d1b37db684:25696,1,5:96d33a16-3d9f-4d2c-809b-20d1b37db684:198981
has_recommended_action,4:96d33a16-3d9f-4d2c-809b-20d1b37db684:57229,4:96d33a16-3d9f-4d2c-809b-20d1b37db684:25498,1,5:96d33a16-3d9f-4d2c-809b-20d1b37db684:198982
has_recommended_action,4:96d33a16-3d9f-4d2c-809b-20d1b37db684:57238,4:96d33a16-3d9f-4d2c-809b-20d1b37db684:25498,1,5:96d33a16-3d9f-4d2c-809b-20d1b37db684:198991
has_recommended_action,4:96d33a16-3d9f-4d2c-809b-20d1b37db684:57238,4:96d33a16-3d9f-4d2c-809b-20d1b37db684:25696,1,5:96d33a16-3d9f-4d2c-809b-20d1b37db684:198994
has_recommended_action,4:96d33a16-3d9f-4d2c-809b-20d1b37db684:57238,4:96d33a16-3d9f-4d2c-809b-20d1b37db684:46986,1,5:96d33a16-3d9f-4d2c-809b-20d1b37db684:198995
has_recommended_action,4:96d33a16-3d9f-4d2c-809b-20d1b37db684:57244,4:96d33a16-3d9f-4d2c-809b-20d1b37db684:25498,1,5:96d33a16-3d9f-4d2c-809b-20d1b37db684:199000
has_recommended_action,4:96d33a16-3d9f-4d2c-809b-20d1b37db684:57249,4:96d33a16-3d9f-4d2c-809b-20d1b37db684:25498,1,5:96d33a16-3d9f-4d2c-809b-20d1b37db684:199005
has_recommended_action,4:96d33a16-3d9f-4d2c-809b-20d1b37db684:57250,4:96d33a16-3d9f-4d2c-809b-20d1b37db684:25498,1,5:96d33a16-3d9f-4d2c-809b-20d1b37db684:199006
has_recommended_action,4:96d33a16-3d9f-4d2c-809b-20d1b37db684:57250,4:96d33a16-3d9f-4d2c-809b-20d1b37db684:36850,1,5:96d33a16-3d9f-4d2c-809b-20d1b37db684:199008
has_recommended_action,4:96d33a16-3d9f-4d2c-809b-20d1b37db684:57250,4:96d33a16-3d9f-4d2c-809b-20d1b37db684:25696,1,5:96d33a16-3d9f-4d2c-809b-20d1b37db684:199010
has_recommended_action,4:96d33a16-3d9f-4d2c-809b-20d1b37db684:57250,4:96d33a16-3d9f-4d2c-809b-20d1b37db684:46986,1,5:96d33a16-3d9f-4d2c-809b-20d1b37db684:199011
has_recommended_action,4:96d33a16-3d9f-4d2c-809b-20d1b37db684:57253,4:96d33a16-3d9f-4d2c-809b-20d1b37db684:25498,1,5:96d33a16-3d9f-4d2c-809b-20d1b37db684:199014
has_recommended_action,4:96d33a16-3d9f-4d2c-809b-20d1b37db684:57254,4:96d33a16-3d9f-4d2c-809b-20d1b37db684:25498,1,5:96d33a16-3d9f-4d2c-809b-20d1b37db684:199017
has_recommended_action,4:96d33a16-3d9f-4d2c-809b-20d1b37db684:57254,4:96d33a16-3d9f-4d2c-809b-20d1b37db684:25512,1,5:96d33a16-3d9f-4d2c-809b-20d1b37db684:199019
has_recommended_action,4:96d33a16-3d9f-4d2c-809b-20d1b37db684:57254,4:96d33a16-3d9f-4d2c-809b-20d1b37db684:36850,1,5:96d33a16-3d9f-4d2c-809b-20d1b37db684:199020
has_recommended_action,4:96d33a16-3d9f-4d2c-809b-20d1b37db684:57260,4:96d33a16-3d9f-4d2c-809b-20d1b37db684:25498,1,5:96d33a16-3d9f-4d2c-809b-20d1b37db684:199026
has_recommended_action,4:96d33a16-3d9f-4d2c-809b-20d1b37db684:57263,4:96d33a16-3d9f-4d2c-809b-20d1b37db684:25498,1,5:96d33a16-3d9f-4d2c-809b-20d1b37db684:199027
has_recommended_action,4:96d33a16-3d9f-4d2c-809b-20d1b37db684:57264,4:96d33a16-3d9f-4d2c-809b-20d1b37db684:25498,1,5:96d33a16-3d9f-4d2c-809b-20d1b37db684:199028
has_recommended_action,4:96d33a16-3d9f-4d2c-809b-20d1b37db684:57269,4:96d33a16-3d9f-4d2c-809b-20d1b37db684:36850,1,5:96d33a16-3d9f-4d2c-809b-20d1b37db684:199031
has_recommended_action,4:96d33a16-3d9f-4d2c-809b-20d1b37db684:57273,4:96d33a16-3d9f-4d2c-809b-20d1b37db684:25512,1,5:96d33a16-3d9f-4d2c-809b-20d1b37db684:199039
has_recommended_action,4:96d33a16-3d9f-4d2c-809b-20d1b37db684:57280,4:96d33a16-3d9f-4d2c-809b-20d1b37db684:25498,1,5:96d33a16-3d9f-4d2c-809b-20d1b37db684:199046
has_recommended_action,4:96d33a16-3d9f-4d2c-809b-20d1b37db684:57280,4:96d33a16-3d9f-4d2c-809b-20d1b37db684:25696,1,5:96d33a16-3d9f-4d2c-809b-20d1b37db684:199048
has_recommended_action,4:96d33a16-3d9f-4d2c-809b-20d1b37db684:57280,4:96d33a16-3d9f-4d2c-809b-20d1b37db684:46986,1,5:96d33a16-3d9f-4d2c-809b-20d1b37db684:199049
has_recommended_action,4:96d33a16-3d9f-4d2c-809b-20d1b37db684:57283,4:96d33a16-3d9f-4d2c-809b-20d1b37db684:25512,1,5:96d33a16-3d9f-4d2c-809b-20d1b37db684:199053
has_recommended_action,4:96d33a16-3d9f-4d2c-809b-20d1b37db684:57297,4:96d33a16-3d9f-4d2c-809b-20d1b37db684:25498,1,5:96d33a16-3d9f-4d2c-809b-20d1b37db684:199064
has_recommended_action,4:96d33a16-3d9f-4d2c-809b-20d1b37db684:57299,4:96d33a16-3d9f-4d2c-809b-20d1b37db684:25498,1,5:96d33a16-3d9f-4d2c-809b-20d1b37db684:199065
has_recommended_action,4:96d33a16-3d9f-4d2c-809b-20d1b37db684:57306,4:96d33a16-3d9f-4d2c-809b-20d1b37db684:25498,1,5:96d33a16-3d9f-4d2c-809b-20d1b37db684:199067
has_recommended_action,4:96d33a16-3d9f-4d2c-809b-20d1b37db684:57306,4:96d33a16-3d9f-4d2c-809b-20d1b37db684:51476,1,5:96d33a16-3d9f-4d2c-809b-20d1b37db684:199068
has_recommended_action,4:96d33a16-3d9f-4d2c-809b-20d1b37db684:57306,4:96d33a16-3d9f-4d2c-809b-20d1b37db684:25512,1,5:96d33a16-3d9f-4d2c-809b-20d1b37db684:199070
has_recommended_action,4:96d33a16-3d9f-4d2c-809b-20d1b37db684:57307,4:96d33a16-3d9f-4d2c-809b-20d1b37db684:25498,1,5:96d33a16-3d9f-4d2c-809b-20d1b37db684:199072
has_recommended_action,4:96d33a16-3d9f-4d2c-809b-20d1b37db684:57314,4:96d33a16-3d9f-4d2c-809b-20d1b37db684:36850,1,5:96d33a16-3d9f-4d2c-809b-20d1b37db684:199076
has_recommended_action,4:96d33a16-3d9f-4d2c-809b-20d1b37db684:57319,4:96d33a16-3d9f-4d2c-809b-20d1b37db684:25498,1,5:96d33a16-3d9f-4d2c-809b-20d1b37db684:199079
has_recommended_action,4:96d33a16-3d9f-4d2c-809b-20d1b37db684:57331,4:96d33a16-3d9f-4d2c-809b-20d1b37db684:25498,1,5:96d33a16-3d9f-4d2c-809b-20d1b37db684:199085
has_recommended_action,4:96d33a16-3d9f-4d2c-809b-20d1b37db684:57339,4:96d33a16-3d9f-4d2c-809b-20d1b37db684:25696,1,5:96d33a16-3d9f-4d2c-809b-20d1b37db684:199093
has_recommended_action,4:96d33a16-3d9f-4d2c-809b-20d1b37db684:57340,4:96d33a16-3d9f-4d2c-809b-20d1b37db684:25498,1,5:96d33a16-3d9f-4d2c-809b-20d1b37db684:199095
has_recommended_action,4:96d33a16-3d9f-4d2c-809b-20d1b37db684:57340,4:96d33a16-3d9f-4d2c-809b-20d1b37db684:46986,1,5:96d33a16-3d9f-4d2c-809b-20d1b37db684:199097
has_recommended_action,4:96d33a16-3d9f-4d2c-809b-20d1b37db684:57346,4:96d33a16-3d9f-4d2c-809b-20d1b37db684:25498,1,5:96d33a16-3d9f-4d2c-809b-20d1b37db684:199100
has_recommended_action,4:96d33a16-3d9f-4d2c-809b-20d1b37db684:57347,4:96d33a16-3d9f-4d2c-809b-20d1b37db684:25498,1,5:96d33a16-3d9f-4d2c-809b-20d1b37db684:199101
has_recommended_action,4:96d33a16-3d9f-4d2c-809b-20d1b37db684:57349,4:96d33a16-3d9f-4d2c-809b-20d1b37db684:25498,1,5:96d33a16-3d9f-4d2c-809b-20d1b37db684:199102
has_recommended_action,4:96d33a16-3d9f-4d2c-809b-20d1b37db684:57352,4:96d33a16-3d9f-4d2c-809b-20d1b37db684:25696,1,5:96d33a16-3d9f-4d2c-809b-20d1b37db684:199104
has_recommended_action,4:96d33a16-3d9f-4d2c-809b-20d1b37db684:57355,4:96d33a16-3d9f-4d2c-809b-20d1b37db684:25498,1,5:96d33a16-3d9f-4d2c-809b-20d1b37db684:199107
has_recommended_action,4:96d33a16-3d9f-4d2c-809b-20d1b37db684:57358,4:96d33a16-3d9f-4d2c-809b-20d1b37db684:25498,1,5:96d33a16-3d9f-4d2c-809b-20d1b37db684:199110
has_recommended_action,4:96d33a16-3d9f-4d2c-809b-20d1b37db684:57362,4:96d33a16-3d9f-4d2c-809b-20d1b37db684:25498,1,5:96d33a16-3d9f-4d2c-809b-20d1b37db684:199111
has_recommended_action,4:96d33a16-3d9f-4d2c-809b-20d1b37db684:57369,4:96d33a16-3d9f-4d2c-809b-20d1b37db684:25512,1,5:96d33a16-3d9f-4d2c-809b-20d1b37db684:199116
has_recommended_action,4:96d33a16-3d9f-4d2c-809b-20d1b37db684:57372,4:96d33a16-3d9f-4d2c-809b-20d1b37db684:25696,1,5:96d33a16-3d9f-4d2c-809b-20d1b37db684:199121
has_recommended_action,4:96d33a16-3d9f-4d2c-809b-20d1b37db684:57373,4:96d33a16-3d9f-4d2c-809b-20d1b37db684:25696,1,5:96d33a16-3d9f-4d2c-809b-20d1b37db684:199123
has_recommended_action,4:96d33a16-3d9f-4d2c-809b-20d1b37db684:57380,4:96d33a16-3d9f-4d2c-809b-20d1b37db684:25696,1,5:96d33a16-3d9f-4d2c-809b-20d1b37db684:199126
has_recommended_action,4:96d33a16-3d9f-4d2c-809b-20d1b37db684:57386,4:96d33a16-3d9f-4d2c-809b-20d1b37db684:25498,1,5:96d33a16-3d9f-4d2c-809b-20d1b37db684:199129
has_recommended_action,4:96d33a16-3d9f-4d2c-809b-20d1b37db684:57394,4:96d33a16-3d9f-4d2c-809b-20d1b37db684:25696,1,5:96d33a16-3d9f-4d2c-809b-20d1b37db684:199134
has_recommended_action,4:96d33a16-3d9f-4d2c-809b-20d1b37db684:57395,4:96d33a16-3d9f-4d2c-809b-20d1b37db684:25498,1,5:96d33a16-3d9f-4d2c-809b-20d1b37db684:199135
has_recommended_action,4:96d33a16-3d9f-4d2c-809b-20d1b37db684:57396,4:96d33a16-3d9f-4d2c-809b-20d1b37db684:25498,1,5:96d33a16-3d9f-4d2c-809b-20d1b37db684:199136
has_recommended_action,4:96d33a16-3d9f-4d2c-809b-20d1b37db684:57396,4:96d33a16-3d9f-4d2c-809b-20d1b37db684:25696,1,5:96d33a16-3d9f-4d2c-809b-20d1b37db684:199139
has_recommended_action,4:96d33a16-3d9f-4d2c-809b-20d1b37db684:57396,4:96d33a16-3d9f-4d2c-809b-20d1b37db684:46986,1,5:96d33a16-3d9f-4d2c-809b-20d1b37db684:199140
has_recommended_action,4:96d33a16-3d9f-4d2c-809b-20d1b37db684:57397,4:96d33a16-3d9f-4d2c-809b-20d1b37db684:25498,1,5:96d33a16-3d9f-4d2c-809b-20d1b37db684:199141
has_recommended_action,4:96d33a16-3d9f-4d2c-809b-20d1b37db684:57399,4:96d33a16-3d9f-4d2c-809b-20d1b37db684:25696,1,5:96d33a16-3d9f-4d2c-809b-20d1b37db684:199143
has_recommended_action,4:96d33a16-3d9f-4d2c-809b-20d1b37db684:57403,4:96d33a16-3d9f-4d2c-809b-20d1b37db684:36850,1,5:96d33a16-3d9f-4d2c-809b-20d1b37db684:199146
has_recommended_action,4:96d33a16-3d9f-4d2c-809b-20d1b37db684:57411,4:96d33a16-3d9f-4d2c-809b-20d1b37db684:25512,1,5:96d33a16-3d9f-4d2c-809b-20d1b37db684:199150
has_recommended_action,4:96d33a16-3d9f-4d2c-809b-20d1b37db684:57417,4:96d33a16-3d9f-4d2c-809b-20d1b37db684:25498,1,5:96d33a16-3d9f-4d2c-809b-20d1b37db684:199157
has_recommended_action,4:96d33a16-3d9f-4d2c-809b-20d1b37db684:57421,4:96d33a16-3d9f-4d2c-809b-20d1b37db684:25696,1,5:96d33a16-3d9f-4d2c-809b-20d1b37db684:199161
has_recommended_action,4:96d33a16-3d9f-4d2c-809b-20d1b37db684:57421,4:96d33a16-3d9f-4d2c-809b-20d1b37db684:46986,1,5:96d33a16-3d9f-4d2c-809b-20d1b37db684:199162
has_recommended_action,4:96d33a16-3d9f-4d2c-809b-20d1b37db684:57422,4:96d33a16-3d9f-4d2c-809b-20d1b37db684:36850,1,5:96d33a16-3d9f-4d2c-809b-20d1b37db684:199164
has_recommended_action,4:96d33a16-3d9f-4d2c-809b-20d1b37db684:57429,4:96d33a16-3d9f-4d2c-809b-20d1b37db684:36850,1,5:96d33a16-3d9f-4d2c-809b-20d1b37db684:199174
has_recommended_action,4:96d33a16-3d9f-4d2c-809b-20d1b37db684:57430,4:96d33a16-3d9f-4d2c-809b-20d1b37db684:25498,1,5:96d33a16-3d9f-4d2c-809b-20d1b37db684:199176
has_recommended_action,4:96d33a16-3d9f-4d2c-809b-20d1b37db684:57435,4:96d33a16-3d9f-4d2c-809b-20d1b37db684:25512,1,5:96d33a16-3d9f-4d2c-809b-20d1b37db684:199183
has_recommended_action,4:96d33a16-3d9f-4d2c-809b-20d1b37db684:57437,4:96d33a16-3d9f-4d2c-809b-20d1b37db684:25498,1,5:96d33a16-3d9f-4d2c-809b-20d1b37db684:199185
has_recommended_action,4:96d33a16-3d9f-4d2c-809b-20d1b37db684:57438,4:96d33a16-3d9f-4d2c-809b-20d1b37db684:25498,1,5:96d33a16-3d9f-4d2c-809b-20d1b37db684:199186
has_recommended_action,4:96d33a16-3d9f-4d2c-809b-20d1b37db684:57438,4:96d33a16-3d9f-4d2c-809b-20d1b37db684:25512,1,5:96d33a16-3d9f-4d2c-809b-20d1b37db684:199188
has_recommended_action,4:96d33a16-3d9f-4d2c-809b-20d1b37db684:57439,4:96d33a16-3d9f-4d2c-809b-20d1b37db684:25512,1,5:96d33a16-3d9f-4d2c-809b-20d1b37db684:199191
has_recommended_action,4:96d33a16-3d9f-4d2c-809b-20d1b37db684:57441,4:96d33a16-3d9f-4d2c-809b-20d1b37db684:25696,1,5:96d33a16-3d9f-4d2c-809b-20d1b37db684:199195
has_recommended_action,4:96d33a16-3d9f-4d2c-809b-20d1b37db684:57449,4:96d33a16-3d9f-4d2c-809b-20d1b37db684:25498,1,5:96d33a16-3d9f-4d2c-809b-20d1b37db684:199208
has_recommended_action,4:96d33a16-3d9f-4d2c-809b-20d1b37db684:57457,4:96d33a16-3d9f-4d2c-809b-20d1b37db684:25498,1,5:96d33a16-3d9f-4d2c-809b-20d1b37db684:199212
has_recommended_action,4:96d33a16-3d9f-4d2c-809b-20d1b37db684:57459,4:96d33a16-3d9f-4d2c-809b-20d1b37db684:25512,1,5:96d33a16-3d9f-4d2c-809b-20d1b37db684:199216
has_recommended_action,4:96d33a16-3d9f-4d2c-809b-20d1b37db684:57461,4:96d33a16-3d9f-4d2c-809b-20d1b37db684:25498,1,5:96d33a16-3d9f-4d2c-809b-20d1b37db684:199218
has_recommended_action,4:96d33a16-3d9f-4d2c-809b-20d1b37db684:57464,4:96d33a16-3d9f-4d2c-809b-20d1b37db684:36850,1,5:96d33a16-3d9f-4d2c-809b-20d1b37db684:199220
has_recommended_action,4:96d33a16-3d9f-4d2c-809b-20d1b37db684:57473,4:96d33a16-3d9f-4d2c-809b-20d1b37db684:25498,1,5:96d33a16-3d9f-4d2c-809b-20d1b37db684:199233
has_recommended_action,4:96d33a16-3d9f-4d2c-809b-20d1b37db684:57474,4:96d33a16-3d9f-4d2c-809b-20d1b37db684:25696,1,5:96d33a16-3d9f-4d2c-809b-20d1b37db684:199239
has_recommended_action,4:96d33a16-3d9f-4d2c-809b-20d1b37db684:57477,4:96d33a16-3d9f-4d2c-809b-20d1b37db684:46986,1,5:96d33a16-3d9f-4d2c-809b-20d1b37db684:199242
has_recommended_action,4:96d33a16-3d9f-4d2c-809b-20d1b37db684:57480,4:96d33a16-3d9f-4d2c-809b-20d1b37db684:25498,1,5:96d33a16-3d9f-4d2c-809b-20d1b37db684:199244
has_recommended_action,4:96d33a16-3d9f-4d2c-809b-20d1b37db684:57497,4:96d33a16-3d9f-4d2c-809b-20d1b37db684:25498,1,5:96d33a16-3d9f-4d2c-809b-20d1b37db684:199255
has_recommended_action,4:96d33a16-3d9f-4d2c-809b-20d1b37db684:57502,4:96d33a16-3d9f-4d2c-809b-20d1b37db684:25512,1,5:96d33a16-3d9f-4d2c-809b-20d1b37db684:199264
has_recommended_action,4:96d33a16-3d9f-4d2c-809b-20d1b37db684:57508,4:96d33a16-3d9f-4d2c-809b-20d1b37db684:25498,1,5:96d33a16-3d9f-4d2c-809b-20d1b37db684:199266
has_recommended_action,4:96d33a16-3d9f-4d2c-809b-20d1b37db684:57508,4:96d33a16-3d9f-4d2c-809b-20d1b37db684:25512,1,5:96d33a16-3d9f-4d2c-809b-20d1b37db684:199267
has_recommended_action,4:96d33a16-3d9f-4d2c-809b-20d1b37db684:57509,4:96d33a16-3d9f-4d2c-809b-20d1b37db684:25696,1,5:96d33a16-3d9f-4d2c-809b-20d1b37db684:199269
has_recommended_action,4:96d33a16-3d9f-4d2c-809b-20d1b37db684:57512,4:96d33a16-3d9f-4d2c-809b-20d1b37db684:25498,1,5:96d33a16-3d9f-4d2c-809b-20d1b37db684:199270
has_recommended_action,4:96d33a16-3d9f-4d2c-809b-20d1b37db684:57513,4:96d33a16-3d9f-4d2c-809b-20d1b37db684:25498,1,5:96d33a16-3d9f-4d2c-809b-20d1b37db684:199273
has_recommended_action,4:96d33a16-3d9f-4d2c-809b-20d1b37db684:57515,4:96d33a16-3d9f-4d2c-809b-20d1b37db684:25696,1,5:96d33a16-3d9f-4d2c-809b-20d1b37db684:199278
has_recommended_action,4:96d33a16-3d9f-4d2c-809b-20d1b37db684:57520,4:96d33a16-3d9f-4d2c-809b-20d1b37db684:25512,1,5:96d33a16-3d9f-4d2c-809b-20d1b37db684:199281
has_recommended_action,4:96d33a16-3d9f-4d2c-809b-20d1b37db684:57522,4:96d33a16-3d9f-4d2c-809b-20d1b37db684:25696,1,5:96d33a16-3d9f-4d2c-809b-20d1b37db684:199285
has_recommended_action,4:96d33a16-3d9f-4d2c-809b-20d1b37db684:57523,4:96d33a16-3d9f-4d2c-809b-20d1b37db684:25696,1,5:96d33a16-3d9f-4d2c-809b-20d1b37db684:199289
has_recommended_action,4:96d33a16-3d9f-4d2c-809b-20d1b37db684:57532,4:96d33a16-3d9f-4d2c-809b-20d1b37db684:25512,1,5:96d33a16-3d9f-4d2c-809b-20d1b37db684:199296
has_recommended_action,4:96d33a16-3d9f-4d2c-809b-20d1b37db684:57533,4:96d33a16-3d9f-4d2c-809b-20d1b37db684:25498,1,5:96d33a16-3d9f-4d2c-809b-20d1b37db684:199298
has_recommended_action,4:96d33a16-3d9f-4d2c-809b-20d1b37db684:57548,4:96d33a16-3d9f-4d2c-809b-20d1b37db684:25498,1,5:96d33a16-3d9f-4d2c-809b-20d1b37db684:199312
has_recommended_action,4:96d33a16-3d9f-4d2c-809b-20d1b37db684:57551,4:96d33a16-3d9f-4d2c-809b-20d1b37db684:25512,1,5:96d33a16-3d9f-4d2c-809b-20d1b37db684:199315
has_recommended_action,4:96d33a16-3d9f-4d2c-809b-20d1b37db684:57551,4:96d33a16-3d9f-4d2c-809b-20d1b37db684:25696,1,5:96d33a16-3d9f-4d2c-809b-20d1b37db684:199317
has_recommended_action,4:96d33a16-3d9f-4d2c-809b-20d1b37db684:57552,4:96d33a16-3d9f-4d2c-809b-20d1b37db684:25498,1,5:96d33a16-3d9f-4d2c-809b-20d1b37db684:199318
has_recommended_action,4:96d33a16-3d9f-4d2c-809b-20d1b37db684:57553,4:96d33a16-3d9f-4d2c-809b-20d1b37db684:25696,1,5:96d33a16-3d9f-4d2c-809b-20d1b37db684:199320
has_recommended_action,4:96d33a16-3d9f-4d2c-809b-20d1b37db684:57555,4:96d33a16-3d9f-4d2c-809b-20d1b37db684:25498,1,5:96d33a16-3d9f-4d2c-809b-20d1b37db684:199321
has_recommended_action,4:96d33a16-3d9f-4d2c-809b-20d1b37db684:57555,4:96d33a16-3d9f-4d2c-809b-20d1b37db684:25512,1,5:96d33a16-3d9f-4d2c-809b-20d1b37db684:199322
has_recommended_action,4:96d33a16-3d9f-4d2c-809b-20d1b37db684:57563,4:96d33a16-3d9f-4d2c-809b-20d1b37db684:25498,1,5:96d33a16-3d9f-4d2c-809b-20d1b37db684:199328
has_recommended_action,4:96d33a16-3d9f-4d2c-809b-20d1b37db684:57563,4:96d33a16-3d9f-4d2c-809b-20d1b37db684:36850,1,5:96d33a16-3d9f-4d2c-809b-20d1b37db684:199331
has_recommended_action,4:96d33a16-3d9f-4d2c-809b-20d1b37db684:57564,4:96d33a16-3d9f-4d2c-809b-20d1b37db684:25498,1,5:96d33a16-3d9f-4d2c-809b-20d1b37db684:199333
has_recommended_action,4:96d33a16-3d9f-4d2c-809b-20d1b37db684:57564,4:96d33a16-3d9f-4d2c-809b-20d1b37db684:36850,1,5:96d33a16-3d9f-4d2c-809b-20d1b37db684:199336
has_recommended_action,4:96d33a16-3d9f-4d2c-809b-20d1b37db684:57567,4:96d33a16-3d9f-4d2c-809b-20d1b37db684:25696,1,5:96d33a16-3d9f-4d2c-809b-20d1b37db684:199339
has_recommended_action,4:96d33a16-3d9f-4d2c-809b-20d1b37db684:57569,4:96d33a16-3d9f-4d2c-809b-20d1b37db684:25498,1,5:96d33a16-3d9f-4d2c-809b-20d1b37db684:199341
has_recommended_action,4:96d33a16-3d9f-4d2c-809b-20d1b37db684:57574,4:96d33a16-3d9f-4d2c-809b-20d1b37db684:36850,1,5:96d33a16-3d9f-4d2c-809b-20d1b37db684:199345
has_recommended_action,4:96d33a16-3d9f-4d2c-809b-20d1b37db684:57575,4:96d33a16-3d9f-4d2c-809b-20d1b37db684:25696,1,5:96d33a16-3d9f-4d2c-809b-20d1b37db684:199347
has_recommended_action,4:96d33a16-3d9f-4d2c-809b-20d1b37db684:57583,4:96d33a16-3d9f-4d2c-809b-20d1b37db684:25498,1,5:96d33a16-3d9f-4d2c-809b-20d1b37db684:199351
has_recommended_action,4:96d33a16-3d9f-4d2c-809b-20d1b37db684:57586,4:96d33a16-3d9f-4d2c-809b-20d1b37db684:25498,1,5:96d33a16-3d9f-4d2c-809b-20d1b37db684:199353
has_recommended_action,4:96d33a16-3d9f-4d2c-809b-20d1b37db684:57586,4:96d33a16-3d9f-4d2c-809b-20d1b37db684:25696,1,5:96d33a16-3d9f-4d2c-809b-20d1b37db684:199356
has_recommended_action,4:96d33a16-3d9f-4d2c-809b-20d1b37db684:57598,4:96d33a16-3d9f-4d2c-809b-20d1b37db684:25696,1,5:96d33a16-3d9f-4d2c-809b-20d1b37db684:199369
has_recommended_action,4:96d33a16-3d9f-4d2c-809b-20d1b37db684:57605,4:96d33a16-3d9f-4d2c-809b-20d1b37db684:25498,1,5:96d33a16-3d9f-4d2c-809b-20d1b37db684:199374
has_recommended_action,4:96d33a16-3d9f-4d2c-809b-20d1b37db684:57609,4:96d33a16-3d9f-4d2c-809b-20d1b37db684:25696,1,5:96d33a16-3d9f-4d2c-809b-20d1b37db684:199376
has_recommended_action,4:96d33a16-3d9f-4d2c-809b-20d1b37db684:57612,4:96d33a16-3d9f-4d2c-809b-20d1b37db684:25498,1,5:96d33a16-3d9f-4d2c-809b-20d1b37db684:199381
has_recommended_action,4:96d33a16-3d9f-4d2c-809b-20d1b37db684:57619,4:96d33a16-3d9f-4d2c-809b-20d1b37db684:25498,1,5:96d33a16-3d9f-4d2c-809b-20d1b37db684:199387
has_recommended_action,4:96d33a16-3d9f-4d2c-809b-20d1b37db684:57619,4:96d33a16-3d9f-4d2c-809b-20d1b37db684:25512,1,5:96d33a16-3d9f-4d2c-809b-20d1b37db684:199388
has_recommended_action,4:96d33a16-3d9f-4d2c-809b-20d1b37db684:57622,4:96d33a16-3d9f-4d2c-809b-20d1b37db684:25498,1,5:96d33a16-3d9f-4d2c-809b-20d1b37db684:199389
has_recommended_action,4:96d33a16-3d9f-4d2c-809b-20d1b37db684:57622,4:96d33a16-3d9f-4d2c-809b-20d1b37db684:25512,1,5:96d33a16-3d9f-4d2c-809b-20d1b37db684:199391
has_recommended_action,4:96d33a16-3d9f-4d2c-809b-20d1b37db684:57623,4:96d33a16-3d9f-4d2c-809b-20d1b37db684:25498,1,5:96d33a16-3d9f-4d2c-809b-20d1b37db684:199393
has_recommended_action,4:96d33a16-3d9f-4d2c-809b-20d1b37db684:57627,4:96d33a16-3d9f-4d2c-809b-20d1b37db684:25498,1,5:96d33a16-3d9f-4d2c-809b-20d1b37db684:199397
has_recommended_action,4:96d33a16-3d9f-4d2c-809b-20d1b37db684:57627,4:96d33a16-3d9f-4d2c-809b-20d1b37db684:51476,1,5:96d33a16-3d9f-4d2c-809b-20d1b37db684:199398
has_recommended_action,4:96d33a16-3d9f-4d2c-809b-20d1b37db684:57627,4:96d33a16-3d9f-4d2c-809b-20d1b37db684:25512,1,5:96d33a16-3d9f-4d2c-809b-20d1b37db684:199400
has_recommended_action,4:96d33a16-3d9f-4d2c-809b-20d1b37db684:57631,4:96d33a16-3d9f-4d2c-809b-20d1b37db684:25512,1,5:96d33a16-3d9f-4d2c-809b-20d1b37db684:199406
has_recommended_action,4:96d33a16-3d9f-4d2c-809b-20d1b37db684:57634,4:96d33a16-3d9f-4d2c-809b-20d1b37db684:46986,1,5:96d33a16-3d9f-4d2c-809b-20d1b37db684:199409
has_recommended_action,4:96d33a16-3d9f-4d2c-809b-20d1b37db684:57635,4:96d33a16-3d9f-4d2c-809b-20d1b37db684:25696,1,5:96d33a16-3d9f-4d2c-809b-20d1b37db684:199411
has_recommended_action,4:96d33a16-3d9f-4d2c-809b-20d1b37db684:57639,4:96d33a16-3d9f-4d2c-809b-20d1b37db684:25498,1,5:96d33a16-3d9f-4d2c-809b-20d1b37db684:199415
has_recommended_action,4:96d33a16-3d9f-4d2c-809b-20d1b37db684:57640,4:96d33a16-3d9f-4d2c-809b-20d1b37db684:25512,1,5:96d33a16-3d9f-4d2c-809b-20d1b37db684:199417
has_recommended_action,4:96d33a16-3d9f-4d2c-809b-20d1b37db684:57640,4:96d33a16-3d9f-4d2c-809b-20d1b37db684:25696,1,5:96d33a16-3d9f-4d2c-809b-20d1b37db684:199419
has_recommended_action,4:96d33a16-3d9f-4d2c-809b-20d1b37db684:57645,4:96d33a16-3d9f-4d2c-809b-20d1b37db684:25498,1,5:96d33a16-3d9f-4d2c-809b-20d1b37db684:199425
has_recommended_action,4:96d33a16-3d9f-4d2c-809b-20d1b37db684:57647,4:96d33a16-3d9f-4d2c-809b-20d1b37db684:25696,1,5:96d33a16-3d9f-4d2c-809b-20d1b37db684:199428
has_recommended_action,4:96d33a16-3d9f-4d2c-809b-20d1b37db684:57651,4:96d33a16-3d9f-4d2c-809b-20d1b37db684:25498,1,5:96d33a16-3d9f-4d2c-809b-20d1b37db684:199430
has_recommended_action,4:96d33a16-3d9f-4d2c-809b-20d1b37db684:57651,4:96d33a16-3d9f-4d2c-809b-20d1b37db684:25696,1,5:96d33a16-3d9f-4d2c-809b-20d1b37db684:199433
has_recommended_action,4:96d33a16-3d9f-4d2c-809b-20d1b37db684:57651,4:96d33a16-3d9f-4d2c-809b-20d1b37db684:46986,1,5:96d33a16-3d9f-4d2c-809b-20d1b37db684:199434
has_recommended_action,4:96d33a16-3d9f-4d2c-809b-20d1b37db684:57657,4:96d33a16-3d9f-4d2c-809b-20d1b37db684:25498,1,5:96d33a16-3d9f-4d2c-809b-20d1b37db684:199436
has_recommended_action,4:96d33a16-3d9f-4d2c-809b-20d1b37db684:57660,4:96d33a16-3d9f-4d2c-809b-20d1b37db684:25498,1,5:96d33a16-3d9f-4d2c-809b-20d1b37db684:199437
has_recommended_action,4:96d33a16-3d9f-4d2c-809b-20d1b37db684:57660,4:96d33a16-3d9f-4d2c-809b-20d1b37db684:25512,1,5:96d33a16-3d9f-4d2c-809b-20d1b37db684:199438
has_recommended_action,4:96d33a16-3d9f-4d2c-809b-20d1b37db684:57663,4:96d33a16-3d9f-4d2c-809b-20d1b37db684:25498,1,5:96d33a16-3d9f-4d2c-809b-20d1b37db684:199440
has_recommended_action,4:96d33a16-3d9f-4d2c-809b-20d1b37db684:57663,4:96d33a16-3d9f-4d2c-809b-20d1b37db684:25512,1,5:96d33a16-3d9f-4d2c-809b-20d1b37db684:199442
has_recommended_action,4:96d33a16-3d9f-4d2c-809b-20d1b37db684:57668,4:96d33a16-3d9f-4d2c-809b-20d1b37db684:25498,1,5:96d33a16-3d9f-4d2c-809b-20d1b37db684:199447
has_recommended_action,4:96d33a16-3d9f-4d2c-809b-20d1b37db684:57668,4:96d33a16-3d9f-4d2c-809b-20d1b37db684:25512,1,5:96d33a16-3d9f-4d2c-809b-20d1b37db684:199449
has_recommended_action,4:96d33a16-3d9f-4d2c-809b-20d1b37db684:57682,4:96d33a16-3d9f-4d2c-809b-20d1b37db684:25498,1,5:96d33a16-3d9f-4d2c-809b-20d1b37db684:199454
has_recommended_action,4:96d33a16-3d9f-4d2c-809b-20d1b37db684:57684,4:96d33a16-3d9f-4d2c-809b-20d1b37db684:25498,1,5:96d33a16-3d9f-4d2c-809b-20d1b37db684:199455
has_recommended_action,4:96d33a16-3d9f-4d2c-809b-20d1b37db684:57684,4:96d33a16-3d9f-4d2c-809b-20d1b37db684:25696,1,5:96d33a16-3d9f-4d2c-809b-20d1b37db684:199458
has_recommended_action,4:96d33a16-3d9f-4d2c-809b-20d1b37db684:57686,4:96d33a16-3d9f-4d2c-809b-20d1b37db684:25498,1,5:96d33a16-3d9f-4d2c-809b-20d1b37db684:199459
has_recommended_action,4:96d33a16-3d9f-4d2c-809b-20d1b37db684:57690,4:96d33a16-3d9f-4d2c-809b-20d1b37db684:25498,1,5:96d33a16-3d9f-4d2c-809b-20d1b37db684:199463
has_recommended_action,4:96d33a16-3d9f-4d2c-809b-20d1b37db684:57698,4:96d33a16-3d9f-4d2c-809b-20d1b37db684:25498,1,5:96d33a16-3d9f-4d2c-809b-20d1b37db684:199467
has_recommended_action,4:96d33a16-3d9f-4d2c-809b-20d1b37db684:57703,4:96d33a16-3d9f-4d2c-809b-20d1b37db684:25512,1,5:96d33a16-3d9f-4d2c-809b-20d1b37db684:199469
has_recommended_action,4:96d33a16-3d9f-4d2c-809b-20d1b37db684:57703,4:96d33a16-3d9f-4d2c-809b-20d1b37db684:25696,1,5:96d33a16-3d9f-4d2c-809b-20d1b37db684:199471
has_recommended_action,4:96d33a16-3d9f-4d2c-809b-20d1b37db684:57704,4:96d33a16-3d9f-4d2c-809b-20d1b37db684:36850,1,5:96d33a16-3d9f-4d2c-809b-20d1b37db684:199472
has_recommended_action,4:96d33a16-3d9f-4d2c-809b-20d1b37db684:57704,4:96d33a16-3d9f-4d2c-809b-20d1b37db684:25696,1,5:96d33a16-3d9f-4d2c-809b-20d1b37db684:199474
has_recommended_action,4:96d33a16-3d9f-4d2c-809b-20d1b37db684:57715,4:96d33a16-3d9f-4d2c-809b-20d1b37db684:25498,1,5:96d33a16-3d9f-4d2c-809b-20d1b37db684:199476
has_recommended_action,4:96d33a16-3d9f-4d2c-809b-20d1b37db684:57718,4:96d33a16-3d9f-4d2c-809b-20d1b37db684:25512,1,5:96d33a16-3d9f-4d2c-809b-20d1b37db684:199485
has_recommended_action,4:96d33a16-3d9f-4d2c-809b-20d1b37db684:57722,4:96d33a16-3d9f-4d2c-809b-20d1b37db684:25696,1,5:96d33a16-3d9f-4d2c-809b-20d1b37db684:199489
has_recommended_action,4:96d33a16-3d9f-4d2c-809b-20d1b37db684:57725,4:96d33a16-3d9f-4d2c-809b-20d1b37db684:36850,1,5:96d33a16-3d9f-4d2c-809b-20d1b37db684:199491
has_recommended_action,4:96d33a16-3d9f-4d2c-809b-20d1b37db684:57732,4:96d33a16-3d9f-4d2c-809b-20d1b37db684:25512,1,5:96d33a16-3d9f-4d2c-809b-20d1b37db684:199495
has_recommended_action,4:96d33a16-3d9f-4d2c-809b-20d1b37db684:57735,4:96d33a16-3d9f-4d2c-809b-20d1b37db684:46986,1,5:96d33a16-3d9f-4d2c-809b-20d1b37db684:199500
has_recommended_action,4:96d33a16-3d9f-4d2c-809b-20d1b37db684:57739,4:96d33a16-3d9f-4d2c-809b-20d1b37db684:25498,1,5:96d33a16-3d9f-4d2c-809b-20d1b37db684:199502
has_recommended_action,4:96d33a16-3d9f-4d2c-809b-20d1b37db684:57754,4:96d33a16-3d9f-4d2c-809b-20d1b37db684:25498,1,5:96d33a16-3d9f-4d2c-809b-20d1b37db684:199508
has_recommended_action,4:96d33a16-3d9f-4d2c-809b-20d1b37db684:57754,4:96d33a16-3d9f-4d2c-809b-20d1b37db684:25512,1,5:96d33a16-3d9f-4d2c-809b-20d1b37db684:199509
has_recommended_action,4:96d33a16-3d9f-4d2c-809b-20d1b37db684:57755,4:96d33a16-3d9f-4d2c-809b-20d1b37db684:25696,1,5:96d33a16-3d9f-4d2c-809b-20d1b37db684:199512
has_recommended_action,4:96d33a16-3d9f-4d2c-809b-20d1b37db684:57762,4:96d33a16-3d9f-4d2c-809b-20d1b37db684:25696,1,5:96d33a16-3d9f-4d2c-809b-20d1b37db684:199516
has_recommended_action,4:96d33a16-3d9f-4d2c-809b-20d1b37db684:57763,4:96d33a16-3d9f-4d2c-809b-20d1b37db684:25696,1,5:96d33a16-3d9f-4d2c-809b-20d1b37db684:199519
has_recommended_action,4:96d33a16-3d9f-4d2c-809b-20d1b37db684:57764,4:96d33a16-3d9f-4d2c-809b-20d1b37db684:25696,1,5:96d33a16-3d9f-4d2c-809b-20d1b37db684:199521
has_recommended_action,4:96d33a16-3d9f-4d2c-809b-20d1b37db684:57769,4:96d33a16-3d9f-4d2c-809b-20d1b37db684:25498,1,5:96d33a16-3d9f-4d2c-809b-20d1b37db684:199525
has_recommended_action,4:96d33a16-3d9f-4d2c-809b-20d1b37db684:57773,4:96d33a16-3d9f-4d2c-809b-20d1b37db684:25498,1,5:96d33a16-3d9f-4d2c-809b-20d1b37db684:199527
has_recommended_action,4:96d33a16-3d9f-4d2c-809b-20d1b37db684:57774,4:96d33a16-3d9f-4d2c-809b-20d1b37db684:25498,1,5:96d33a16-3d9f-4d2c-809b-20d1b37db684:199528
has_recommended_action,4:96d33a16-3d9f-4d2c-809b-20d1b37db684:57779,4:96d33a16-3d9f-4d2c-809b-20d1b37db684:25498,1,5:96d33a16-3d9f-4d2c-809b-20d1b37db684:199531
has_recommended_action,4:96d33a16-3d9f-4d2c-809b-20d1b37db684:57788,4:96d33a16-3d9f-4d2c-809b-20d1b37db684:25498,1,5:96d33a16-3d9f-4d2c-809b-20d1b37db684:199534
has_recommended_action,4:96d33a16-3d9f-4d2c-809b-20d1b37db684:57789,4:96d33a16-3d9f-4d2c-809b-20d1b37db684:25512,1,5:96d33a16-3d9f-4d2c-809b-20d1b37db684:199536
has_recommended_action,4:96d33a16-3d9f-4d2c-809b-20d1b37db684:57789,4:96d33a16-3d9f-4d2c-809b-20d1b37db684:25696,1,5:96d33a16-3d9f-4d2c-809b-20d1b37db684:199538
has_recommended_action,4:96d33a16-3d9f-4d2c-809b-20d1b37db684:57793,4:96d33a16-3d9f-4d2c-809b-20d1b37db684:25498,1,5:96d33a16-3d9f-4d2c-809b-20d1b37db684:199541
has_recommended_action,4:96d33a16-3d9f-4d2c-809b-20d1b37db684:57797,4:96d33a16-3d9f-4d2c-809b-20d1b37db684:25498,1,5:96d33a16-3d9f-4d2c-809b-20d1b37db684:199543
has_recommended_action,4:96d33a16-3d9f-4d2c-809b-20d1b37db684:57799,4:96d33a16-3d9f-4d2c-809b-20d1b37db684:25498,1,5:96d33a16-3d9f-4d2c-809b-20d1b37db684:199547
has_recommended_action,4:96d33a16-3d9f-4d2c-809b-20d1b37db684:57799,4:96d33a16-3d9f-4d2c-809b-20d1b37db684:36850,1,5:96d33a16-3d9f-4d2c-809b-20d1b37db684:199549
has_recommended_action,4:96d33a16-3d9f-4d2c-809b-20d1b37db684:57799,4:96d33a16-3d9f-4d2c-809b-20d1b37db684:25696,1,5:96d33a16-3d9f-4d2c-809b-20d1b37db684:199551
has_recommended_action,4:96d33a16-3d9f-4d2c-809b-20d1b37db684:57799,4:96d33a16-3d9f-4d2c-809b-20d1b37db684:46986,1,5:96d33a16-3d9f-4d2c-809b-20d1b37db684:199552
has_recommended_action,4:96d33a16-3d9f-4d2c-809b-20d1b37db684:57801,4:96d33a16-3d9f-4d2c-809b-20d1b37db684:25498,1,5:96d33a16-3d9f-4d2c-809b-20d1b37db684:199553
has_recommended_action,4:96d33a16-3d9f-4d2c-809b-20d1b37db684:57801,4:96d33a16-3d9f-4d2c-809b-20d1b37db684:36850,1,5:96d33a16-3d9f-4d2c-809b-20d1b37db684:199555
has_recommended_action,4:96d33a16-3d9f-4d2c-809b-20d1b37db684:57801,4:96d33a16-3d9f-4d2c-809b-20d1b37db684:25696,1,5:96d33a16-3d9f-4d2c-809b-20d1b37db684:199557
has_recommended_action,4:96d33a16-3d9f-4d2c-809b-20d1b37db684:57801,4:96d33a16-3d9f-4d2c-809b-20d1b37db684:46986,1,5:96d33a16-3d9f-4d2c-809b-20d1b37db684:199558
has_recommended_action,4:96d33a16-3d9f-4d2c-809b-20d1b37db684:57806,4:96d33a16-3d9f-4d2c-809b-20d1b37db684:25498,1,5:96d33a16-3d9f-4d2c-809b-20d1b37db684:199561
has_recommended_action,4:96d33a16-3d9f-4d2c-809b-20d1b37db684:57806,4:96d33a16-3d9f-4d2c-809b-20d1b37db684:36850,1,5:96d33a16-3d9f-4d2c-809b-20d1b37db684:199564
has_recommended_action,4:96d33a16-3d9f-4d2c-809b-20d1b37db684:57808,4:96d33a16-3d9f-4d2c-809b-20d1b37db684:25512,1,5:96d33a16-3d9f-4d2c-809b-20d1b37db684:199567
has_recommended_action,4:96d33a16-3d9f-4d2c-809b-20d1b37db684:57808,4:96d33a16-3d9f-4d2c-809b-20d1b37db684:25696,1,5:96d33a16-3d9f-4d2c-809b-20d1b37db684:199569
has_recommended_action,4:96d33a16-3d9f-4d2c-809b-20d1b37db684:57810,4:96d33a16-3d9f-4d2c-809b-20d1b37db684:25696,1,5:96d33a16-3d9f-4d2c-809b-20d1b37db684:199571
has_recommended_action,4:96d33a16-3d9f-4d2c-809b-20d1b37db684:57812,4:96d33a16-3d9f-4d2c-809b-20d1b37db684:25498,1,5:96d33a16-3d9f-4d2c-809b-20d1b37db684:199572
has_recommended_action,4:96d33a16-3d9f-4d2c-809b-20d1b37db684:57818,4:96d33a16-3d9f-4d2c-809b-20d1b37db684:25696,1,5:96d33a16-3d9f-4d2c-809b-20d1b37db684:199578
has_recommended_action,4:96d33a16-3d9f-4d2c-809b-20d1b37db684:57821,4:96d33a16-3d9f-4d2c-809b-20d1b37db684:25498,1,5:96d33a16-3d9f-4d2c-809b-20d1b37db684:199579
has_recommended_action,4:96d33a16-3d9f-4d2c-809b-20d1b37db684:57823,4:96d33a16-3d9f-4d2c-809b-20d1b37db684:46986,1,5:96d33a16-3d9f-4d2c-809b-20d1b37db684:199583
has_recommended_action,4:96d33a16-3d9f-4d2c-809b-20d1b37db684:57825,4:96d33a16-3d9f-4d2c-809b-20d1b37db684:46986,1,5:96d33a16-3d9f-4d2c-809b-20d1b37db684:199586
has_recommended_action,4:96d33a16-3d9f-4d2c-809b-20d1b37db684:57826,4:96d33a16-3d9f-4d2c-809b-20d1b37db684:25498,1,5:96d33a16-3d9f-4d2c-809b-20d1b37db684:199587
has_recommended_action,4:96d33a16-3d9f-4d2c-809b-20d1b37db684:57833,4:96d33a16-3d9f-4d2c-809b-20d1b37db684:36850,1,5:96d33a16-3d9f-4d2c-809b-20d1b37db684:199592
has_recommended_action,4:96d33a16-3d9f-4d2c-809b-20d1b37db684:57836,4:96d33a16-3d9f-4d2c-809b-20d1b37db684:25498,1,5:96d33a16-3d9f-4d2c-809b-20d1b37db684:199594
has_recommended_action,4:96d33a16-3d9f-4d2c-809b-20d1b37db684:57838,4:96d33a16-3d9f-4d2c-809b-20d1b37db684:25696,1,5:96d33a16-3d9f-4d2c-809b-20d1b37db684:199599
has_recommended_action,4:96d33a16-3d9f-4d2c-809b-20d1b37db684:57839,4:96d33a16-3d9f-4d2c-809b-20d1b37db684:25512,1,5:96d33a16-3d9f-4d2c-809b-20d1b37db684:199600
has_recommended_action,4:96d33a16-3d9f-4d2c-809b-20d1b37db684:57841,4:96d33a16-3d9f-4d2c-809b-20d1b37db684:25498,1,5:96d33a16-3d9f-4d2c-809b-20d1b37db684:199601
has_recommended_action,4:96d33a16-3d9f-4d2c-809b-20d1b37db684:57843,4:96d33a16-3d9f-4d2c-809b-20d1b37db684:25498,1,5:96d33a16-3d9f-4d2c-809b-20d1b37db684:199605
has_recommended_action,4:96d33a16-3d9f-4d2c-809b-20d1b37db684:57846,4:96d33a16-3d9f-4d2c-809b-20d1b37db684:25498,1,5:96d33a16-3d9f-4d2c-809b-20d1b37db684:199608
has_recommended_action,4:96d33a16-3d9f-4d2c-809b-20d1b37db684:57847,4:96d33a16-3d9f-4d2c-809b-20d1b37db684:25696,1,5:96d33a16-3d9f-4d2c-809b-20d1b37db684:199612
has_recommended_action,4:96d33a16-3d9f-4d2c-809b-20d1b37db684:57851,4:96d33a16-3d9f-4d2c-809b-20d1b37db684:25498,1,5:96d33a16-3d9f-4d2c-809b-20d1b37db684:199615
has_recommended_action,4:96d33a16-3d9f-4d2c-809b-20d1b37db684:57851,4:96d33a16-3d9f-4d2c-809b-20d1b37db684:46986,1,5:96d33a16-3d9f-4d2c-809b-20d1b37db684:199618
has_recommended_action,4:96d33a16-3d9f-4d2c-809b-20d1b37db684:57859,4:96d33a16-3d9f-4d2c-809b-20d1b37db684:25498,1,5:96d33a16-3d9f-4d2c-809b-20d1b37db684:199622
has_recommended_action,4:96d33a16-3d9f-4d2c-809b-20d1b37db684:57860,4:96d33a16-3d9f-4d2c-809b-20d1b37db684:25498,1,5:96d33a16-3d9f-4d2c-809b-20d1b37db684:199623
has_recommended_action,4:96d33a16-3d9f-4d2c-809b-20d1b37db684:57860,4:96d33a16-3d9f-4d2c-809b-20d1b37db684:25512,1,5:96d33a16-3d9f-4d2c-809b-20d1b37db684:199624
has_recommended_action,4:96d33a16-3d9f-4d2c-809b-20d1b37db684:57868,4:96d33a16-3d9f-4d2c-809b-20d1b37db684:25696,1,5:96d33a16-3d9f-4d2c-809b-20d1b37db684:199635
has_recommended_action,4:96d33a16-3d9f-4d2c-809b-20d1b37db684:57870,4:96d33a16-3d9f-4d2c-809b-20d1b37db684:25512,1,5:96d33a16-3d9f-4d2c-809b-20d1b37db684:199636
has_recommended_action,4:96d33a16-3d9f-4d2c-809b-20d1b37db684:57878,4:96d33a16-3d9f-4d2c-809b-20d1b37db684:25498,1,5:96d33a16-3d9f-4d2c-809b-20d1b37db684:199642
has_recommended_action,4:96d33a16-3d9f-4d2c-809b-20d1b37db684:57878,4:96d33a16-3d9f-4d2c-809b-20d1b37db684:25512,1,5:96d33a16-3d9f-4d2c-809b-20d1b37db684:199644
has_recommended_action,4:96d33a16-3d9f-4d2c-809b-20d1b37db684:57878,4:96d33a16-3d9f-4d2c-809b-20d1b37db684:25696,1,5:96d33a16-3d9f-4d2c-809b-20d1b37db684:199646
has_recommended_action,4:96d33a16-3d9f-4d2c-809b-20d1b37db684:57884,4:96d33a16-3d9f-4d2c-809b-20d1b37db684:25498,1,5:96d33a16-3d9f-4d2c-809b-20d1b37db684:199647
has_recommended_action,4:96d33a16-3d9f-4d2c-809b-20d1b37db684:57888,4:96d33a16-3d9f-4d2c-809b-20d1b37db684:25696,1,5:96d33a16-3d9f-4d2c-809b-20d1b37db684:199652
has_recommended_action,4:96d33a16-3d9f-4d2c-809b-20d1b37db684:57890,4:96d33a16-3d9f-4d2c-809b-20d1b37db684:25498,1,5:96d33a16-3d9f-4d2c-809b-20d1b37db684:199653
has_recommended_action,4:96d33a16-3d9f-4d2c-809b-20d1b37db684:57893,4:96d33a16-3d9f-4d2c-809b-20d1b37db684:25498,1,5:96d33a16-3d9f-4d2c-809b-20d1b37db684:199656
has_recommended_action,4:96d33a16-3d9f-4d2c-809b-20d1b37db684:57904,4:96d33a16-3d9f-4d2c-809b-20d1b37db684:25498,1,5:96d33a16-3d9f-4d2c-809b-20d1b37db684:199665
has_recommended_action,4:96d33a16-3d9f-4d2c-809b-20d1b37db684:57915,4:96d33a16-3d9f-4d2c-809b-20d1b37db684:25696,1,5:96d33a16-3d9f-4d2c-809b-20d1b37db684:199672
has_recommended_action,4:96d33a16-3d9f-4d2c-809b-20d1b37db684:57921,4:96d33a16-3d9f-4d2c-809b-20d1b37db684:25498,1,5:96d33a16-3d9f-4d2c-809b-20d1b37db684:199673
has_recommended_action,4:96d33a16-3d9f-4d2c-809b-20d1b37db684:57923,4:96d33a16-3d9f-4d2c-809b-20d1b37db684:25498,1,5:96d33a16-3d9f-4d2c-809b-20d1b37db684:199677
has_recommended_action,4:96d33a16-3d9f-4d2c-809b-20d1b37db684:57927,4:96d33a16-3d9f-4d2c-809b-20d1b37db684:25498,1,5:96d33a16-3d9f-4d2c-809b-20d1b37db684:199680
has_recommended_action,4:96d33a16-3d9f-4d2c-809b-20d1b37db684:57927,4:96d33a16-3d9f-4d2c-809b-20d1b37db684:25512,1,5:96d33a16-3d9f-4d2c-809b-20d1b37db684:199682
has_recommended_action,4:96d33a16-3d9f-4d2c-809b-20d1b37db684:57927,4:96d33a16-3d9f-4d2c-809b-20d1b37db684:36850,1,5:96d33a16-3d9f-4d2c-809b-20d1b37db684:199683
has_recommended_action,4:96d33a16-3d9f-4d2c-809b-20d1b37db684:57932,4:96d33a16-3d9f-4d2c-809b-20d1b37db684:25696,1,5:96d33a16-3d9f-4d2c-809b-20d1b37db684:199687
has_recommended_action,4:96d33a16-3d9f-4d2c-809b-20d1b37db684:57934,4:96d33a16-3d9f-4d2c-809b-20d1b37db684:36850,1,5:96d33a16-3d9f-4d2c-809b-20d1b37db684:199692
has_recommended_action,4:96d33a16-3d9f-4d2c-809b-20d1b37db684:57934,4:96d33a16-3d9f-4d2c-809b-20d1b37db684:25696,1,5:96d33a16-3d9f-4d2c-809b-20d1b37db684:199694
has_recommended_action,4:96d33a16-3d9f-4d2c-809b-20d1b37db684:57934,4:96d33a16-3d9f-4d2c-809b-20d1b37db684:46986,1,5:96d33a16-3d9f-4d2c-809b-20d1b37db684:199695
has_recommended_action,4:96d33a16-3d9f-4d2c-809b-20d1b37db684:57936,4:96d33a16-3d9f-4d2c-809b-20d1b37db684:25512,1,5:96d33a16-3d9f-4d2c-809b-20d1b37db684:199696
has_recommended_action,4:96d33a16-3d9f-4d2c-809b-20d1b37db684:57944,4:96d33a16-3d9f-4d2c-809b-20d1b37db684:25498,1,5:96d33a16-3d9f-4d2c-809b-20d1b37db684:199703
has_recommended_action,4:96d33a16-3d9f-4d2c-809b-20d1b37db684:57949,4:96d33a16-3d9f-4d2c-809b-20d1b37db684:46986,1,5:96d33a16-3d9f-4d2c-809b-20d1b37db684:199709
has_recommended_action,4:96d33a16-3d9f-4d2c-809b-20d1b37db684:57953,4:96d33a16-3d9f-4d2c-809b-20d1b37db684:25498,1,5:96d33a16-3d9f-4d2c-809b-20d1b37db684:199719
has_recommended_action,4:96d33a16-3d9f-4d2c-809b-20d1b37db684:57953,4:96d33a16-3d9f-4d2c-809b-20d1b37db684:25696,1,5:96d33a16-3d9f-4d2c-809b-20d1b37db684:199722
has_recommended_action,4:96d33a16-3d9f-4d2c-809b-20d1b37db684:57957,4:96d33a16-3d9f-4d2c-809b-20d1b37db684:25696,1,5:96d33a16-3d9f-4d2c-809b-20d1b37db684:199724
has_recommended_action,4:96d33a16-3d9f-4d2c-809b-20d1b37db684:57967,4:96d33a16-3d9f-4d2c-809b-20d1b37db684:46986,1,5:96d33a16-3d9f-4d2c-809b-20d1b37db684:199735
has_recommended_action,4:96d33a16-3d9f-4d2c-809b-20d1b37db684:57972,4:96d33a16-3d9f-4d2c-809b-20d1b37db684:46986,1,5:96d33a16-3d9f-4d2c-809b-20d1b37db684:199740
has_recommended_action,4:96d33a16-3d9f-4d2c-809b-20d1b37db684:57976,4:96d33a16-3d9f-4d2c-809b-20d1b37db684:25512,1,5:96d33a16-3d9f-4d2c-809b-20d1b37db684:199743
has_recommended_action,4:96d33a16-3d9f-4d2c-809b-20d1b37db684:57976,4:96d33a16-3d9f-4d2c-809b-20d1b37db684:25696,1,5:96d33a16-3d9f-4d2c-809b-20d1b37db684:199745
has_recommended_action,4:96d33a16-3d9f-4d2c-809b-20d1b37db684:57980,4:96d33a16-3d9f-4d2c-809b-20d1b37db684:25498,1,5:96d33a16-3d9f-4d2c-809b-20d1b37db684:199748
has_recommended_action,4:96d33a16-3d9f-4d2c-809b-20d1b37db684:57981,4:96d33a16-3d9f-4d2c-809b-20d1b37db684:25498,1,5:96d33a16-3d9f-4d2c-809b-20d1b37db684:199749
has_recommended_action,4:96d33a16-3d9f-4d2c-809b-20d1b37db684:57981,4:96d33a16-3d9f-4d2c-809b-20d1b37db684:25696,1,5:96d33a16-3d9f-4d2c-809b-20d1b37db684:199752
has_recommended_action,4:96d33a16-3d9f-4d2c-809b-20d1b37db684:57981,4:96d33a16-3d9f-4d2c-809b-20d1b37db684:46986,1,5:96d33a16-3d9f-4d2c-809b-20d1b37db684:199753
has_recommended_action,4:96d33a16-3d9f-4d2c-809b-20d1b37db684:57986,4:96d33a16-3d9f-4d2c-809b-20d1b37db684:36850,1,5:96d33a16-3d9f-4d2c-809b-20d1b37db684:199757
has_recommended_action,4:96d33a16-3d9f-4d2c-809b-20d1b37db684:57990,4:96d33a16-3d9f-4d2c-809b-20d1b37db684:25696,1,5:96d33a16-3d9f-4d2c-809b-20d1b37db684:199762
has_recommended_action,4:96d33a16-3d9f-4d2c-809b-20d1b37db684:57991,4:96d33a16-3d9f-4d2c-809b-20d1b37db684:25498,1,5:96d33a16-3d9f-4d2c-809b-20d1b37db684:199763
has_recommended_action,4:96d33a16-3d9f-4d2c-809b-20d1b37db684:57999,4:96d33a16-3d9f-4d2c-809b-20d1b37db684:25498,1,5:96d33a16-3d9f-4d2c-809b-20d1b37db684:199768
has_recommended_action,4:96d33a16-3d9f-4d2c-809b-20d1b37db684:58006,4:96d33a16-3d9f-4d2c-809b-20d1b37db684:46986,1,5:96d33a16-3d9f-4d2c-809b-20d1b37db684:199779
has_recommended_action,4:96d33a16-3d9f-4d2c-809b-20d1b37db684:58007,4:96d33a16-3d9f-4d2c-809b-20d1b37db684:25696,1,5:96d33a16-3d9f-4d2c-809b-20d1b37db684:199781
has_recommended_action,4:96d33a16-3d9f-4d2c-809b-20d1b37db684:58008,4:96d33a16-3d9f-4d2c-809b-20d1b37db684:25498,1,5:96d33a16-3d9f-4d2c-809b-20d1b37db684:199782
has_recommended_action,4:96d33a16-3d9f-4d2c-809b-20d1b37db684:58008,4:96d33a16-3d9f-4d2c-809b-20d1b37db684:25696,1,5:96d33a16-3d9f-4d2c-809b-20d1b37db684:199785
has_recommended_action,4:96d33a16-3d9f-4d2c-809b-20d1b37db684:58008,4:96d33a16-3d9f-4d2c-809b-20d1b37db684:46986,1,5:96d33a16-3d9f-4d2c-809b-20d1b37db684:199786
has_recommended_action,4:96d33a16-3d9f-4d2c-809b-20d1b37db684:58012,4:96d33a16-3d9f-4d2c-809b-20d1b37db684:25696,1,5:96d33a16-3d9f-4d2c-809b-20d1b37db684:199790
has_recommended_action,4:96d33a16-3d9f-4d2c-809b-20d1b37db684:58020,4:96d33a16-3d9f-4d2c-809b-20d1b37db684:25498,1,5:96d33a16-3d9f-4d2c-809b-20d1b37db684:199795
has_recommended_action,4:96d33a16-3d9f-4d2c-809b-20d1b37db684:58020,4:96d33a16-3d9f-4d2c-809b-20d1b37db684:25512,1,5:96d33a16-3d9f-4d2c-809b-20d1b37db684:199797
has_recommended_action,4:96d33a16-3d9f-4d2c-809b-20d1b37db684:58024,4:96d33a16-3d9f-4d2c-809b-20d1b37db684:25696,1,5:96d33a16-3d9f-4d2c-809b-20d1b37db684:199800
has_recommended_action,4:96d33a16-3d9f-4d2c-809b-20d1b37db684:58028,4:96d33a16-3d9f-4d2c-809b-20d1b37db684:25498,1,5:96d33a16-3d9f-4d2c-809b-20d1b37db684:199803
has_recommended_action,4:96d33a16-3d9f-4d2c-809b-20d1b37db684:58031,4:96d33a16-3d9f-4d2c-809b-20d1b37db684:25498,1,5:96d33a16-3d9f-4d2c-809b-20d1b37db684:199806
has_recommended_action,4:96d33a16-3d9f-4d2c-809b-20d1b37db684:58034,4:96d33a16-3d9f-4d2c-809b-20d1b37db684:36850,1,5:96d33a16-3d9f-4d2c-809b-20d1b37db684:199808
has_recommended_action,4:96d33a16-3d9f-4d2c-809b-20d1b37db684:58035,4:96d33a16-3d9f-4d2c-809b-20d1b37db684:25498,1,5:96d33a16-3d9f-4d2c-809b-20d1b37db684:199809
has_recommended_action,4:96d33a16-3d9f-4d2c-809b-20d1b37db684:58039,4:96d33a16-3d9f-4d2c-809b-20d1b37db684:25498,1,5:96d33a16-3d9f-4d2c-809b-20d1b37db684:199810
has_recommended_action,4:96d33a16-3d9f-4d2c-809b-20d1b37db684:58039,4:96d33a16-3d9f-4d2c-809b-20d1b37db684:25512,1,5:96d33a16-3d9f-4d2c-809b-20d1b37db684:199812
has_recommended_action,4:96d33a16-3d9f-4d2c-809b-20d1b37db684:58039,4:96d33a16-3d9f-4d2c-809b-20d1b37db684:25696,1,5:96d33a16-3d9f-4d2c-809b-20d1b37db684:199814
has_recommended_action,4:96d33a16-3d9f-4d2c-809b-20d1b37db684:58040,4:96d33a16-3d9f-4d2c-809b-20d1b37db684:25498,1,5:96d33a16-3d9f-4d2c-809b-20d1b37db684:199815
has_recommended_action,4:96d33a16-3d9f-4d2c-809b-20d1b37db684:58046,4:96d33a16-3d9f-4d2c-809b-20d1b37db684:25498,1,5:96d33a16-3d9f-4d2c-809b-20d1b37db684:199818
has_recommended_action,4:96d33a16-3d9f-4d2c-809b-20d1b37db684:58047,4:96d33a16-3d9f-4d2c-809b-20d1b37db684:25498,1,5:96d33a16-3d9f-4d2c-809b-20d1b37db684:199821
has_recommended_action,4:96d33a16-3d9f-4d2c-809b-20d1b37db684:58053,4:96d33a16-3d9f-4d2c-809b-20d1b37db684:25696,1,5:96d33a16-3d9f-4d2c-809b-20d1b37db684:199829
has_recommended_action,4:96d33a16-3d9f-4d2c-809b-20d1b37db684:58054,4:96d33a16-3d9f-4d2c-809b-20d1b37db684:25498,1,5:96d33a16-3d9f-4d2c-809b-20d1b37db684:199830
has_recommended_action,4:96d33a16-3d9f-4d2c-809b-20d1b37db684:58054,4:96d33a16-3d9f-4d2c-809b-20d1b37db684:25512,1,5:96d33a16-3d9f-4d2c-809b-20d1b37db684:199831
has_recommended_action,4:96d33a16-3d9f-4d2c-809b-20d1b37db684:58056,4:96d33a16-3d9f-4d2c-809b-20d1b37db684:25512,1,5:96d33a16-3d9f-4d2c-809b-20d1b37db684:199833
has_recommended_action,4:96d33a16-3d9f-4d2c-809b-20d1b37db684:58058,4:96d33a16-3d9f-4d2c-809b-20d1b37db684:46986,1,5:96d33a16-3d9f-4d2c-809b-20d1b37db684:199838
has_recommended_action,4:96d33a16-3d9f-4d2c-809b-20d1b37db684:58074,4:96d33a16-3d9f-4d2c-809b-20d1b37db684:25696,1,5:96d33a16-3d9f-4d2c-809b-20d1b37db684:199844
has_recommended_action,4:96d33a16-3d9f-4d2c-809b-20d1b37db684:58076,4:96d33a16-3d9f-4d2c-809b-20d1b37db684:25498,1,5:96d33a16-3d9f-4d2c-809b-20d1b37db684:199846
has_recommended_action,4:96d33a16-3d9f-4d2c-809b-20d1b37db684:58076,4:96d33a16-3d9f-4d2c-809b-20d1b37db684:25512,1,5:96d33a16-3d9f-4d2c-809b-20d1b37db684:199847
has_recommended_action,4:96d33a16-3d9f-4d2c-809b-20d1b37db684:58078,4:96d33a16-3d9f-4d2c-809b-20d1b37db684:25498,1,5:96d33a16-3d9f-4d2c-809b-20d1b37db684:199848
has_recommended_action,4:96d33a16-3d9f-4d2c-809b-20d1b37db684:58079,4:96d33a16-3d9f-4d2c-809b-20d1b37db684:25512,1,5:96d33a16-3d9f-4d2c-809b-20d1b37db684:199850
has_recommended_action,4:96d33a16-3d9f-4d2c-809b-20d1b37db684:58082,4:96d33a16-3d9f-4d2c-809b-20d1b37db684:25696,1,5:96d33a16-3d9f-4d2c-809b-20d1b37db684:199855
has_recommended_action,4:96d33a16-3d9f-4d2c-809b-20d1b37db684:58094,4:96d33a16-3d9f-4d2c-809b-20d1b37db684:25696,1,5:96d33a16-3d9f-4d2c-809b-20d1b37db684:199863
has_recommended_action,4:96d33a16-3d9f-4d2c-809b-20d1b37db684:58095,4:96d33a16-3d9f-4d2c-809b-20d1b37db684:25512,1,5:96d33a16-3d9f-4d2c-809b-20d1b37db684:199865
has_recommended_action,4:96d33a16-3d9f-4d2c-809b-20d1b37db684:58096,4:96d33a16-3d9f-4d2c-809b-20d1b37db684:25696,1,5:96d33a16-3d9f-4d2c-809b-20d1b37db684:199868
has_recommended_action,4:96d33a16-3d9f-4d2c-809b-20d1b37db684:58099,4:96d33a16-3d9f-4d2c-809b-20d1b37db684:36850,1,5:96d33a16-3d9f-4d2c-809b-20d1b37db684:199870
has_recommended_action,4:96d33a16-3d9f-4d2c-809b-20d1b37db684:58102,4:96d33a16-3d9f-4d2c-809b-20d1b37db684:36850,1,5:96d33a16-3d9f-4d2c-809b-20d1b37db684:199873
has_recommended_action,4:96d33a16-3d9f-4d2c-809b-20d1b37db684:58102,4:96d33a16-3d9f-4d2c-809b-20d1b37db684:25696,1,5:96d33a16-3d9f-4d2c-809b-20d1b37db684:199875
has_recommended_action,4:96d33a16-3d9f-4d2c-809b-20d1b37db684:58107,4:96d33a16-3d9f-4d2c-809b-20d1b37db684:25498,1,5:96d33a16-3d9f-4d2c-809b-20d1b37db684:199877
has_recommended_action,4:96d33a16-3d9f-4d2c-809b-20d1b37db684:58107,4:96d33a16-3d9f-4d2c-809b-20d1b37db684:51476,1,5:96d33a16-3d9f-4d2c-809b-20d1b37db684:199878
has_recommended_action,4:96d33a16-3d9f-4d2c-809b-20d1b37db684:58107,4:96d33a16-3d9f-4d2c-809b-20d1b37db684:25512,1,5:96d33a16-3d9f-4d2c-809b-20d1b37db684:199880
has_recommended_action,4:96d33a16-3d9f-4d2c-809b-20d1b37db684:58124,4:96d33a16-3d9f-4d2c-809b-20d1b37db684:25696,1,5:96d33a16-3d9f-4d2c-809b-20d1b37db684:199888
has_recommended_action,4:96d33a16-3d9f-4d2c-809b-20d1b37db684:58125,4:96d33a16-3d9f-4d2c-809b-20d1b37db684:25696,1,5:96d33a16-3d9f-4d2c-809b-20d1b37db684:199891
has_recommended_action,4:96d33a16-3d9f-4d2c-809b-20d1b37db684:58129,4:96d33a16-3d9f-4d2c-809b-20d1b37db684:25498,1,5:96d33a16-3d9f-4d2c-809b-20d1b37db684:199895
has_recommended_action,4:96d33a16-3d9f-4d2c-809b-20d1b37db684:58129,4:96d33a16-3d9f-4d2c-809b-20d1b37db684:51476,1,5:96d33a16-3d9f-4d2c-809b-20d1b37db684:199896
has_recommended_action,4:96d33a16-3d9f-4d2c-809b-20d1b37db684:58129,4:96d33a16-3d9f-4d2c-809b-20d1b37db684:25512,1,5:96d33a16-3d9f-4d2c-809b-20d1b37db684:199898
has_recommended_action,4:96d33a16-3d9f-4d2c-809b-20d1b37db684:58130,4:96d33a16-3d9f-4d2c-809b-20d1b37db684:25498,1,5:96d33a16-3d9f-4d2c-809b-20d1b37db684:199900
has_recommended_action,4:96d33a16-3d9f-4d2c-809b-20d1b37db684:58130,4:96d33a16-3d9f-4d2c-809b-20d1b37db684:25512,1,5:96d33a16-3d9f-4d2c-809b-20d1b37db684:199902
has_recommended_action,4:96d33a16-3d9f-4d2c-809b-20d1b37db684:58131,4:96d33a16-3d9f-4d2c-809b-20d1b37db684:36850,1,5:96d33a16-3d9f-4d2c-809b-20d1b37db684:199904
has_recommended_action,4:96d33a16-3d9f-4d2c-809b-20d1b37db684:58139,4:96d33a16-3d9f-4d2c-809b-20d1b37db684:25498,1,5:96d33a16-3d9f-4d2c-809b-20d1b37db684:199906
has_recommended_action,4:96d33a16-3d9f-4d2c-809b-20d1b37db684:58140,4:96d33a16-3d9f-4d2c-809b-20d1b37db684:25696,1,5:96d33a16-3d9f-4d2c-809b-20d1b37db684:199910
has_recommended_action,4:96d33a16-3d9f-4d2c-809b-20d1b37db684:58148,4:96d33a16-3d9f-4d2c-809b-20d1b37db684:36850,1,5:96d33a16-3d9f-4d2c-809b-20d1b37db684:199914
has_recommended_action,4:96d33a16-3d9f-4d2c-809b-20d1b37db684:58151,4:96d33a16-3d9f-4d2c-809b-20d1b37db684:36850,1,5:96d33a16-3d9f-4d2c-809b-20d1b37db684:199915
has_recommended_action,4:96d33a16-3d9f-4d2c-809b-20d1b37db684:58158,4:96d33a16-3d9f-4d2c-809b-20d1b37db684:46986,1,5:96d33a16-3d9f-4d2c-809b-20d1b37db684:199920
has_recommended_action,4:96d33a16-3d9f-4d2c-809b-20d1b37db684:58162,4:96d33a16-3d9f-4d2c-809b-20d1b37db684:36850,1,5:96d33a16-3d9f-4d2c-809b-20d1b37db684:199923
has_recommended_action,4:96d33a16-3d9f-4d2c-809b-20d1b37db684:58163,4:96d33a16-3d9f-4d2c-809b-20d1b37db684:36850,1,5:96d33a16-3d9f-4d2c-809b-20d1b37db684:199924
has_recommended_action,4:96d33a16-3d9f-4d2c-809b-20d1b37db684:58165,4:96d33a16-3d9f-4d2c-809b-20d1b37db684:25498,1,5:96d33a16-3d9f-4d2c-809b-20d1b37db684:199925
has_recommended_action,4:96d33a16-3d9f-4d2c-809b-20d1b37db684:58169,4:96d33a16-3d9f-4d2c-809b-20d1b37db684:25696,1,5:96d33a16-3d9f-4d2c-809b-20d1b37db684:199928
has_recommended_action,4:96d33a16-3d9f-4d2c-809b-20d1b37db684:58171,4:96d33a16-3d9f-4d2c-809b-20d1b37db684:25498,1,5:96d33a16-3d9f-4d2c-809b-20d1b37db684:199930
has_recommended_action,4:96d33a16-3d9f-4d2c-809b-20d1b37db684:58175,4:96d33a16-3d9f-4d2c-809b-20d1b37db684:25498,1,5:96d33a16-3d9f-4d2c-809b-20d1b37db684:199931
has_recommended_action,4:96d33a16-3d9f-4d2c-809b-20d1b37db684:58179,4:96d33a16-3d9f-4d2c-809b-20d1b37db684:25498,1,5:96d33a16-3d9f-4d2c-809b-20d1b37db684:199936
has_recommended_action,4:96d33a16-3d9f-4d2c-809b-20d1b37db684:58183,4:96d33a16-3d9f-4d2c-809b-20d1b37db684:25498,1,5:96d33a16-3d9f-4d2c-809b-20d1b37db684:199939
has_recommended_action,4:96d33a16-3d9f-4d2c-809b-20d1b37db684:58185,4:96d33a16-3d9f-4d2c-809b-20d1b37db684:25498,1,5:96d33a16-3d9f-4d2c-809b-20d1b37db684:199940
has_recommended_action,4:96d33a16-3d9f-4d2c-809b-20d1b37db684:58190,4:96d33a16-3d9f-4d2c-809b-20d1b37db684:25498,1,5:96d33a16-3d9f-4d2c-809b-20d1b37db684:199944
has_recommended_action,4:96d33a16-3d9f-4d2c-809b-20d1b37db684:58201,4:96d33a16-3d9f-4d2c-809b-20d1b37db684:25512,1,5:96d33a16-3d9f-4d2c-809b-20d1b37db684:199953
has_recommended_action,4:96d33a16-3d9f-4d2c-809b-20d1b37db684:58202,4:96d33a16-3d9f-4d2c-809b-20d1b37db684:25498,1,5:96d33a16-3d9f-4d2c-809b-20d1b37db684:199954
has_recommended_action,4:96d33a16-3d9f-4d2c-809b-20d1b37db684:58206,4:96d33a16-3d9f-4d2c-809b-20d1b37db684:25512,1,5:96d33a16-3d9f-4d2c-809b-20d1b37db684:199957
has_recommended_action,4:96d33a16-3d9f-4d2c-809b-20d1b37db684:58207,4:96d33a16-3d9f-4d2c-809b-20d1b37db684:25696,1,5:96d33a16-3d9f-4d2c-809b-20d1b37db684:199960
has_recommended_action,4:96d33a16-3d9f-4d2c-809b-20d1b37db684:58219,4:96d33a16-3d9f-4d2c-809b-20d1b37db684:25498,1,5:96d33a16-3d9f-4d2c-809b-20d1b37db684:199965
has_recommended_action,4:96d33a16-3d9f-4d2c-809b-20d1b37db684:58219,4:96d33a16-3d9f-4d2c-809b-20d1b37db684:25512,1,5:96d33a16-3d9f-4d2c-809b-20d1b37db684:199966
has_recommended_action,4:96d33a16-3d9f-4d2c-809b-20d1b37db684:58223,4:96d33a16-3d9f-4d2c-809b-20d1b37db684:36850,1,5:96d33a16-3d9f-4d2c-809b-20d1b37db684:199969
has_recommended_action,4:96d33a16-3d9f-4d2c-809b-20d1b37db684:58225,4:96d33a16-3d9f-4d2c-809b-20d1b37db684:25498,1,5:96d33a16-3d9f-4d2c-809b-20d1b37db684:199970
has_recommended_action,4:96d33a16-3d9f-4d2c-809b-20d1b37db684:58225,4:96d33a16-3d9f-4d2c-809b-20d1b37db684:36850,1,5:96d33a16-3d9f-4d2c-809b-20d1b37db684:199973
has_recommended_action,4:96d33a16-3d9f-4d2c-809b-20d1b37db684:58232,4:96d33a16-3d9f-4d2c-809b-20d1b37db684:25498,1,5:96d33a16-3d9f-4d2c-809b-20d1b37db684:199980
has_recommended_action,4:96d33a16-3d9f-4d2c-809b-20d1b37db684:58232,4:96d33a16-3d9f-4d2c-809b-20d1b37db684:51476,1,5:96d33a16-3d9f-4d2c-809b-20d1b37db684:199981
has_recommended_action,4:96d33a16-3d9f-4d2c-809b-20d1b37db684:58232,4:96d33a16-3d9f-4d2c-809b-20d1b37db684:25512,1,5:96d33a16-3d9f-4d2c-809b-20d1b37db684:199983
has_recommended_action,4:96d33a16-3d9f-4d2c-809b-20d1b37db684:58237,4:96d33a16-3d9f-4d2c-809b-20d1b37db684:25498,1,5:96d33a16-3d9f-4d2c-809b-20d1b37db684:199989
has_recommended_action,4:96d33a16-3d9f-4d2c-809b-20d1b37db684:58238,4:96d33a16-3d9f-4d2c-809b-20d1b37db684:25498,1,5:96d33a16-3d9f-4d2c-809b-20d1b37db684:199990
has_recommended_action,4:96d33a16-3d9f-4d2c-809b-20d1b37db684:58239,4:96d33a16-3d9f-4d2c-809b-20d1b37db684:25498,1,5:96d33a16-3d9f-4d2c-809b-20d1b37db684:199991
has_recommended_action,4:96d33a16-3d9f-4d2c-809b-20d1b37db684:58239,4:96d33a16-3d9f-4d2c-809b-20d1b37db684:25512,1,5:96d33a16-3d9f-4d2c-809b-20d1b37db684:199993
has_recommended_action,4:96d33a16-3d9f-4d2c-809b-20d1b37db684:58240,4:96d33a16-3d9f-4d2c-809b-20d1b37db684:25498,1,5:96d33a16-3d9f-4d2c-809b-20d1b37db684:199995
has_recommended_action,4:96d33a16-3d9f-4d2c-809b-20d1b37db684:58244,4:96d33a16-3d9f-4d2c-809b-20d1b37db684:25498,1,5:96d33a16-3d9f-4d2c-809b-20d1b37db684:200002
has_recommended_action,4:96d33a16-3d9f-4d2c-809b-20d1b37db684:58244,4:96d33a16-3d9f-4d2c-809b-20d1b37db684:25696,1,5:96d33a16-3d9f-4d2c-809b-20d1b37db684:200005
has_recommended_action,4:96d33a16-3d9f-4d2c-809b-20d1b37db684:58244,4:96d33a16-3d9f-4d2c-809b-20d1b37db684:46986,1,5:96d33a16-3d9f-4d2c-809b-20d1b37db684:200006
has_recommended_action,4:96d33a16-3d9f-4d2c-809b-20d1b37db684:58255,4:96d33a16-3d9f-4d2c-809b-20d1b37db684:25512,1,5:96d33a16-3d9f-4d2c-809b-20d1b37db684:200012
has_recommended_action,4:96d33a16-3d9f-4d2c-809b-20d1b37db684:58256,4:96d33a16-3d9f-4d2c-809b-20d1b37db684:25696,1,5:96d33a16-3d9f-4d2c-809b-20d1b37db684:200015
has_recommended_action,4:96d33a16-3d9f-4d2c-809b-20d1b37db684:58258,4:96d33a16-3d9f-4d2c-809b-20d1b37db684:25498,1,5:96d33a16-3d9f-4d2c-809b-20d1b37db684:200016
has_recommended_action,4:96d33a16-3d9f-4d2c-809b-20d1b37db684:58261,4:96d33a16-3d9f-4d2c-809b-20d1b37db684:25498,1,5:96d33a16-3d9f-4d2c-809b-20d1b37db684:200017
has_recommended_action,4:96d33a16-3d9f-4d2c-809b-20d1b37db684:58278,4:96d33a16-3d9f-4d2c-809b-20d1b37db684:25498,1,5:96d33a16-3d9f-4d2c-809b-20d1b37db684:200023
has_recommended_action,4:96d33a16-3d9f-4d2c-809b-20d1b37db684:58285,4:96d33a16-3d9f-4d2c-809b-20d1b37db684:25498,1,5:96d33a16-3d9f-4d2c-809b-20d1b37db684:200031
has_recommended_action,4:96d33a16-3d9f-4d2c-809b-20d1b37db684:58296,4:96d33a16-3d9f-4d2c-809b-20d1b37db684:25498,1,5:96d33a16-3d9f-4d2c-809b-20d1b37db684:200038
has_recommended_action,4:96d33a16-3d9f-4d2c-809b-20d1b37db684:58299,4:96d33a16-3d9f-4d2c-809b-20d1b37db684:25696,1,5:96d33a16-3d9f-4d2c-809b-20d1b37db684:200042
has_recommended_action,4:96d33a16-3d9f-4d2c-809b-20d1b37db684:58300,4:96d33a16-3d9f-4d2c-809b-20d1b37db684:25696,1,5:96d33a16-3d9f-4d2c-809b-20d1b37db684:200044
has_recommended_action,4:96d33a16-3d9f-4d2c-809b-20d1b37db684:58301,4:96d33a16-3d9f-4d2c-809b-20d1b37db684:25512,1,5:96d33a16-3d9f-4d2c-809b-20d1b37db684:200046
has_recommended_action,4:96d33a16-3d9f-4d2c-809b-20d1b37db684:58301,4:96d33a16-3d9f-4d2c-809b-20d1b37db684:25696,1,5:96d33a16-3d9f-4d2c-809b-20d1b37db684:200048
has_recommended_action,4:96d33a16-3d9f-4d2c-809b-20d1b37db684:58303,4:96d33a16-3d9f-4d2c-809b-20d1b37db684:25498,1,5:96d33a16-3d9f-4d2c-809b-20d1b37db684:200049
has_recommended_action,4:96d33a16-3d9f-4d2c-809b-20d1b37db684:58303,4:96d33a16-3d9f-4d2c-809b-20d1b37db684:51476,1,5:96d33a16-3d9f-4d2c-809b-20d1b37db684:200050
has_recommended_action,4:96d33a16-3d9f-4d2c-809b-20d1b37db684:58303,4:96d33a16-3d9f-4d2c-809b-20d1b37db684:25512,1,5:96d33a16-3d9f-4d2c-809b-20d1b37db684:200052
has_recommended_action,4:96d33a16-3d9f-4d2c-809b-20d1b37db684:58305,4:96d33a16-3d9f-4d2c-809b-20d1b37db684:25696,1,5:96d33a16-3d9f-4d2c-809b-20d1b37db684:200055
has_recommended_action,4:96d33a16-3d9f-4d2c-809b-20d1b37db684:58307,4:96d33a16-3d9f-4d2c-809b-20d1b37db684:25696,1,5:96d33a16-3d9f-4d2c-809b-20d1b37db684:200058
has_recommended_action,4:96d33a16-3d9f-4d2c-809b-20d1b37db684:58307,4:96d33a16-3d9f-4d2c-809b-20d1b37db684:46986,1,5:96d33a16-3d9f-4d2c-809b-20d1b37db684:200059
has_recommended_action,4:96d33a16-3d9f-4d2c-809b-20d1b37db684:58308,4:96d33a16-3d9f-4d2c-809b-20d1b37db684:25498,1,5:96d33a16-3d9f-4d2c-809b-20d1b37db684:200060
has_recommended_action,4:96d33a16-3d9f-4d2c-809b-20d1b37db684:58314,4:96d33a16-3d9f-4d2c-809b-20d1b37db684:25498,1,5:96d33a16-3d9f-4d2c-809b-20d1b37db684:200064
has_recommended_action,4:96d33a16-3d9f-4d2c-809b-20d1b37db684:58314,4:96d33a16-3d9f-4d2c-809b-20d1b37db684:25696,1,5:96d33a16-3d9f-4d2c-809b-20d1b37db684:200066
has_recommended_action,4:96d33a16-3d9f-4d2c-809b-20d1b37db684:58314,4:96d33a16-3d9f-4d2c-809b-20d1b37db684:46986,1,5:96d33a16-3d9f-4d2c-809b-20d1b37db684:200067
has_recommended_action,4:96d33a16-3d9f-4d2c-809b-20d1b37db684:58315,4:96d33a16-3d9f-4d2c-809b-20d1b37db684:25498,1,5:96d33a16-3d9f-4d2c-809b-20d1b37db684:200068
has_recommended_action,4:96d33a16-3d9f-4d2c-809b-20d1b37db684:58315,4:96d33a16-3d9f-4d2c-809b-20d1b37db684:46986,1,5:96d33a16-3d9f-4d2c-809b-20d1b37db684:200071
has_recommended_action,4:96d33a16-3d9f-4d2c-809b-20d1b37db684:58318,4:96d33a16-3d9f-4d2c-809b-20d1b37db684:25498,1,5:96d33a16-3d9f-4d2c-809b-20d1b37db684:200075
has_recommended_action,4:96d33a16-3d9f-4d2c-809b-20d1b37db684:58318,4:96d33a16-3d9f-4d2c-809b-20d1b37db684:36850,1,5:96d33a16-3d9f-4d2c-809b-20d1b37db684:200078
has_recommended_action,4:96d33a16-3d9f-4d2c-809b-20d1b37db684:58331,4:96d33a16-3d9f-4d2c-809b-20d1b37db684:25498,1,5:96d33a16-3d9f-4d2c-809b-20d1b37db684:200086
has_recommended_action,4:96d33a16-3d9f-4d2c-809b-20d1b37db684:58340,4:96d33a16-3d9f-4d2c-809b-20d1b37db684:25512,1,5:96d33a16-3d9f-4d2c-809b-20d1b37db684:200096
has_recommended_action,4:96d33a16-3d9f-4d2c-809b-20d1b37db684:58345,4:96d33a16-3d9f-4d2c-809b-20d1b37db684:25498,1,5:96d33a16-3d9f-4d2c-809b-20d1b37db684:200103
has_recommended_action,4:96d33a16-3d9f-4d2c-809b-20d1b37db684:58347,4:96d33a16-3d9f-4d2c-809b-20d1b37db684:25696,1,5:96d33a16-3d9f-4d2c-809b-20d1b37db684:200110
has_recommended_action,4:96d33a16-3d9f-4d2c-809b-20d1b37db684:58348,4:96d33a16-3d9f-4d2c-809b-20d1b37db684:46986,1,5:96d33a16-3d9f-4d2c-809b-20d1b37db684:200112
has_recommended_action,4:96d33a16-3d9f-4d2c-809b-20d1b37db684:58349,4:96d33a16-3d9f-4d2c-809b-20d1b37db684:25696,1,5:96d33a16-3d9f-4d2c-809b-20d1b37db684:200114
has_recommended_action,4:96d33a16-3d9f-4d2c-809b-20d1b37db684:58355,4:96d33a16-3d9f-4d2c-809b-20d1b37db684:25498,1,5:96d33a16-3d9f-4d2c-809b-20d1b37db684:200122
has_recommended_action,4:96d33a16-3d9f-4d2c-809b-20d1b37db684:58358,4:96d33a16-3d9f-4d2c-809b-20d1b37db684:25696,1,5:96d33a16-3d9f-4d2c-809b-20d1b37db684:200128
has_recommended_action,4:96d33a16-3d9f-4d2c-809b-20d1b37db684:58359,4:96d33a16-3d9f-4d2c-809b-20d1b37db684:25498,1,5:96d33a16-3d9f-4d2c-809b-20d1b37db684:200129
has_recommended_action,4:96d33a16-3d9f-4d2c-809b-20d1b37db684:58359,4:96d33a16-3d9f-4d2c-809b-20d1b37db684:51476,1,5:96d33a16-3d9f-4d2c-809b-20d1b37db684:200130
has_recommended_action,4:96d33a16-3d9f-4d2c-809b-20d1b37db684:58359,4:96d33a16-3d9f-4d2c-809b-20d1b37db684:25512,1,5:96d33a16-3d9f-4d2c-809b-20d1b37db684:200132
has_recommended_action,4:96d33a16-3d9f-4d2c-809b-20d1b37db684:58365,4:96d33a16-3d9f-4d2c-809b-20d1b37db684:25696,1,5:96d33a16-3d9f-4d2c-809b-20d1b37db684:200136
has_recommended_action,4:96d33a16-3d9f-4d2c-809b-20d1b37db684:58365,4:96d33a16-3d9f-4d2c-809b-20d1b37db684:46986,1,5:96d33a16-3d9f-4d2c-809b-20d1b37db684:200137
has_recommended_action,4:96d33a16-3d9f-4d2c-809b-20d1b37db684:58367,4:96d33a16-3d9f-4d2c-809b-20d1b37db684:25696,1,5:96d33a16-3d9f-4d2c-809b-20d1b37db684:200139
has_recommended_action,4:96d33a16-3d9f-4d2c-809b-20d1b37db684:58367,4:96d33a16-3d9f-4d2c-809b-20d1b37db684:46986,1,5:96d33a16-3d9f-4d2c-809b-20d1b37db684:200140
has_recommended_action,4:96d33a16-3d9f-4d2c-809b-20d1b37db684:58371,4:96d33a16-3d9f-4d2c-809b-20d1b37db684:36850,1,5:96d33a16-3d9f-4d2c-809b-20d1b37db684:200144
has_recommended_action,4:96d33a16-3d9f-4d2c-809b-20d1b37db684:58379,4:96d33a16-3d9f-4d2c-809b-20d1b37db684:25498,1,5:96d33a16-3d9f-4d2c-809b-20d1b37db684:200147
has_recommended_action,4:96d33a16-3d9f-4d2c-809b-20d1b37db684:58383,4:96d33a16-3d9f-4d2c-809b-20d1b37db684:25696,1,5:96d33a16-3d9f-4d2c-809b-20d1b37db684:200153
has_recommended_action,4:96d33a16-3d9f-4d2c-809b-20d1b37db684:58391,4:96d33a16-3d9f-4d2c-809b-20d1b37db684:25696,1,5:96d33a16-3d9f-4d2c-809b-20d1b37db684:200160
has_recommended_action,4:96d33a16-3d9f-4d2c-809b-20d1b37db684:58392,4:96d33a16-3d9f-4d2c-809b-20d1b37db684:25498,1,5:96d33a16-3d9f-4d2c-809b-20d1b37db684:200161
has_recommended_action,4:96d33a16-3d9f-4d2c-809b-20d1b37db684:58392,4:96d33a16-3d9f-4d2c-809b-20d1b37db684:25696,1,5:96d33a16-3d9f-4d2c-809b-20d1b37db684:200164
has_recommended_action,4:96d33a16-3d9f-4d2c-809b-20d1b37db684:58392,4:96d33a16-3d9f-4d2c-809b-20d1b37db684:46986,1,5:96d33a16-3d9f-4d2c-809b-20d1b37db684:200165
has_recommended_action,4:96d33a16-3d9f-4d2c-809b-20d1b37db684:58394,4:96d33a16-3d9f-4d2c-809b-20d1b37db684:36850,1,5:96d33a16-3d9f-4d2c-809b-20d1b37db684:200166
has_recommended_action,4:96d33a16-3d9f-4d2c-809b-20d1b37db684:58396,4:96d33a16-3d9f-4d2c-809b-20d1b37db684:25498,1,5:96d33a16-3d9f-4d2c-809b-20d1b37db684:200167
has_recommended_action,4:96d33a16-3d9f-4d2c-809b-20d1b37db684:58413,4:96d33a16-3d9f-4d2c-809b-20d1b37db684:25498,1,5:96d33a16-3d9f-4d2c-809b-20d1b37db684:200181
has_recommended_action,4:96d33a16-3d9f-4d2c-809b-20d1b37db684:58413,4:96d33a16-3d9f-4d2c-809b-20d1b37db684:25512,1,5:96d33a16-3d9f-4d2c-809b-20d1b37db684:200182
has_recommended_action,4:96d33a16-3d9f-4d2c-809b-20d1b37db684:58415,4:96d33a16-3d9f-4d2c-809b-20d1b37db684:51476,1,5:96d33a16-3d9f-4d2c-809b-20d1b37db684:200188
has_recommended_action,4:96d33a16-3d9f-4d2c-809b-20d1b37db684:58424,4:96d33a16-3d9f-4d2c-809b-20d1b37db684:25696,1,5:96d33a16-3d9f-4d2c-809b-20d1b37db684:200195
has_recommended_action,4:96d33a16-3d9f-4d2c-809b-20d1b37db684:58437,4:96d33a16-3d9f-4d2c-809b-20d1b37db684:25498,1,5:96d33a16-3d9f-4d2c-809b-20d1b37db684:200201
has_recommended_action,4:96d33a16-3d9f-4d2c-809b-20d1b37db684:58437,4:96d33a16-3d9f-4d2c-809b-20d1b37db684:25512,1,5:96d33a16-3d9f-4d2c-809b-20d1b37db684:200202
has_recommended_action,4:96d33a16-3d9f-4d2c-809b-20d1b37db684:58438,4:96d33a16-3d9f-4d2c-809b-20d1b37db684:25498,1,5:96d33a16-3d9f-4d2c-809b-20d1b37db684:200203
has_recommended_action,4:96d33a16-3d9f-4d2c-809b-20d1b37db684:58438,4:96d33a16-3d9f-4d2c-809b-20d1b37db684:36850,1,5:96d33a16-3d9f-4d2c-809b-20d1b37db684:200205
has_recommended_action,4:96d33a16-3d9f-4d2c-809b-20d1b37db684:58438,4:96d33a16-3d9f-4d2c-809b-20d1b37db684:25696,1,5:96d33a16-3d9f-4d2c-809b-20d1b37db684:200207
has_recommended_action,4:96d33a16-3d9f-4d2c-809b-20d1b37db684:58448,4:96d33a16-3d9f-4d2c-809b-20d1b37db684:25498,1,5:96d33a16-3d9f-4d2c-809b-20d1b37db684:200214
has_recommended_action,4:96d33a16-3d9f-4d2c-809b-20d1b37db684:58451,4:96d33a16-3d9f-4d2c-809b-20d1b37db684:25498,1,5:96d33a16-3d9f-4d2c-809b-20d1b37db684:200215
has_recommended_action,4:96d33a16-3d9f-4d2c-809b-20d1b37db684:58455,4:96d33a16-3d9f-4d2c-809b-20d1b37db684:25696,1,5:96d33a16-3d9f-4d2c-809b-20d1b37db684:200220
has_recommended_action,4:96d33a16-3d9f-4d2c-809b-20d1b37db684:58455,4:96d33a16-3d9f-4d2c-809b-20d1b37db684:46986,1,5:96d33a16-3d9f-4d2c-809b-20d1b37db684:200221
has_recommended_action,4:96d33a16-3d9f-4d2c-809b-20d1b37db684:58458,4:96d33a16-3d9f-4d2c-809b-20d1b37db684:25696,1,5:96d33a16-3d9f-4d2c-809b-20d1b37db684:200223
has_recommended_action,4:96d33a16-3d9f-4d2c-809b-20d1b37db684:58462,4:96d33a16-3d9f-4d2c-809b-20d1b37db684:25498,1,5:96d33a16-3d9f-4d2c-809b-20d1b37db684:200225
has_recommended_action,4:96d33a16-3d9f-4d2c-809b-20d1b37db684:58462,4:96d33a16-3d9f-4d2c-809b-20d1b37db684:36850,1,5:96d33a16-3d9f-4d2c-809b-20d1b37db684:200226
has_recommended_action,4:96d33a16-3d9f-4d2c-809b-20d1b37db684:58465,4:96d33a16-3d9f-4d2c-809b-20d1b37db684:25498,1,5:96d33a16-3d9f-4d2c-809b-20d1b37db684:200227
has_recommended_action,4:96d33a16-3d9f-4d2c-809b-20d1b37db684:58466,4:96d33a16-3d9f-4d2c-809b-20d1b37db684:25498,1,5:96d33a16-3d9f-4d2c-809b-20d1b37db684:200228
has_recommended_action,4:96d33a16-3d9f-4d2c-809b-20d1b37db684:58466,4:96d33a16-3d9f-4d2c-809b-20d1b37db684:25512,1,5:96d33a16-3d9f-4d2c-809b-20d1b37db684:200230
has_recommended_action,4:96d33a16-3d9f-4d2c-809b-20d1b37db684:58469,4:96d33a16-3d9f-4d2c-809b-20d1b37db684:25512,1,5:96d33a16-3d9f-4d2c-809b-20d1b37db684:200232
has_recommended_action,4:96d33a16-3d9f-4d2c-809b-20d1b37db684:58477,4:96d33a16-3d9f-4d2c-809b-20d1b37db684:25498,1,5:96d33a16-3d9f-4d2c-809b-20d1b37db684:200238
has_recommended_action,4:96d33a16-3d9f-4d2c-809b-20d1b37db684:58482,4:96d33a16-3d9f-4d2c-809b-20d1b37db684:25696,1,5:96d33a16-3d9f-4d2c-809b-20d1b37db684:200242
has_recommended_action,4:96d33a16-3d9f-4d2c-809b-20d1b37db684:58484,4:96d33a16-3d9f-4d2c-809b-20d1b37db684:25696,1,5:96d33a16-3d9f-4d2c-809b-20d1b37db684:200245
has_recommended_action,4:96d33a16-3d9f-4d2c-809b-20d1b37db684:58487,4:96d33a16-3d9f-4d2c-809b-20d1b37db684:25498,1,5:96d33a16-3d9f-4d2c-809b-20d1b37db684:200246
has_recommended_action,4:96d33a16-3d9f-4d2c-809b-20d1b37db684:58492,4:96d33a16-3d9f-4d2c-809b-20d1b37db684:25696,1,5:96d33a16-3d9f-4d2c-809b-20d1b37db684:200250
has_recommended_action,4:96d33a16-3d9f-4d2c-809b-20d1b37db684:58499,4:96d33a16-3d9f-4d2c-809b-20d1b37db684:25696,1,5:96d33a16-3d9f-4d2c-809b-20d1b37db684:200253
has_recommended_action,4:96d33a16-3d9f-4d2c-809b-20d1b37db684:58500,4:96d33a16-3d9f-4d2c-809b-20d1b37db684:25512,1,5:96d33a16-3d9f-4d2c-809b-20d1b37db684:200254
has_recommended_action,4:96d33a16-3d9f-4d2c-809b-20d1b37db684:58505,4:96d33a16-3d9f-4d2c-809b-20d1b37db684:25512,1,5:96d33a16-3d9f-4d2c-809b-20d1b37db684:200257
has_recommended_action,4:96d33a16-3d9f-4d2c-809b-20d1b37db684:58505,4:96d33a16-3d9f-4d2c-809b-20d1b37db684:25696,1,5:96d33a16-3d9f-4d2c-809b-20d1b37db684:200259
has_recommended_action,4:96d33a16-3d9f-4d2c-809b-20d1b37db684:58509,4:96d33a16-3d9f-4d2c-809b-20d1b37db684:25498,1,5:96d33a16-3d9f-4d2c-809b-20d1b37db684:200260
has_recommended_action,4:96d33a16-3d9f-4d2c-809b-20d1b37db684:58509,4:96d33a16-3d9f-4d2c-809b-20d1b37db684:25512,1,5:96d33a16-3d9f-4d2c-809b-20d1b37db684:200261
has_recommended_action,4:96d33a16-3d9f-4d2c-809b-20d1b37db684:58511,4:96d33a16-3d9f-4d2c-809b-20d1b37db684:25498,1,5:96d33a16-3d9f-4d2c-809b-20d1b37db684:200262
has_recommended_action,4:96d33a16-3d9f-4d2c-809b-20d1b37db684:58524,4:96d33a16-3d9f-4d2c-809b-20d1b37db684:25696,1,5:96d33a16-3d9f-4d2c-809b-20d1b37db684:200267
has_recommended_action,4:96d33a16-3d9f-4d2c-809b-20d1b37db684:58530,4:96d33a16-3d9f-4d2c-809b-20d1b37db684:25498,1,5:96d33a16-3d9f-4d2c-809b-20d1b37db684:200272
has_recommended_action,4:96d33a16-3d9f-4d2c-809b-20d1b37db684:58530,4:96d33a16-3d9f-4d2c-809b-20d1b37db684:51476,1,5:96d33a16-3d9f-4d2c-809b-20d1b37db684:200273
has_recommended_action,4:96d33a16-3d9f-4d2c-809b-20d1b37db684:58530,4:96d33a16-3d9f-4d2c-809b-20d1b37db684:25512,1,5:96d33a16-3d9f-4d2c-809b-20d1b37db684:200275
has_recommended_action,4:96d33a16-3d9f-4d2c-809b-20d1b37db684:58531,4:96d33a16-3d9f-4d2c-809b-20d1b37db684:25498,1,5:96d33a16-3d9f-4d2c-809b-20d1b37db684:200278
has_recommended_action,4:96d33a16-3d9f-4d2c-809b-20d1b37db684:58534,4:96d33a16-3d9f-4d2c-809b-20d1b37db684:25498,1,5:96d33a16-3d9f-4d2c-809b-20d1b37db684:200281
has_recommended_action,4:96d33a16-3d9f-4d2c-809b-20d1b37db684:58536,4:96d33a16-3d9f-4d2c-809b-20d1b37db684:25696,1,5:96d33a16-3d9f-4d2c-809b-20d1b37db684:200283
has_recommended_action,4:96d33a16-3d9f-4d2c-809b-20d1b37db684:58543,4:96d33a16-3d9f-4d2c-809b-20d1b37db684:25512,1,5:96d33a16-3d9f-4d2c-809b-20d1b37db684:200291
has_recommended_action,4:96d33a16-3d9f-4d2c-809b-20d1b37db684:58550,4:96d33a16-3d9f-4d2c-809b-20d1b37db684:25498,1,5:96d33a16-3d9f-4d2c-809b-20d1b37db684:200300
has_recommended_action,4:96d33a16-3d9f-4d2c-809b-20d1b37db684:58570,4:96d33a16-3d9f-4d2c-809b-20d1b37db684:25498,1,5:96d33a16-3d9f-4d2c-809b-20d1b37db684:200316
has_recommended_action,4:96d33a16-3d9f-4d2c-809b-20d1b37db684:58570,4:96d33a16-3d9f-4d2c-809b-20d1b37db684:25512,1,5:96d33a16-3d9f-4d2c-809b-20d1b37db684:200318
has_recommended_action,4:96d33a16-3d9f-4d2c-809b-20d1b37db684:58573,4:96d33a16-3d9f-4d2c-809b-20d1b37db684:25498,1,5:96d33a16-3d9f-4d2c-809b-20d1b37db684:200320
has_recommended_action,4:96d33a16-3d9f-4d2c-809b-20d1b37db684:58573,4:96d33a16-3d9f-4d2c-809b-20d1b37db684:25696,1,5:96d33a16-3d9f-4d2c-809b-20d1b37db684:200323
has_recommended_action,4:96d33a16-3d9f-4d2c-809b-20d1b37db684:58573,4:96d33a16-3d9f-4d2c-809b-20d1b37db684:46986,1,5:96d33a16-3d9f-4d2c-809b-20d1b37db684:200324
has_recommended_action,4:96d33a16-3d9f-4d2c-809b-20d1b37db684:58578,4:96d33a16-3d9f-4d2c-809b-20d1b37db684:25498,1,5:96d33a16-3d9f-4d2c-809b-20d1b37db684:200327
has_recommended_action,4:96d33a16-3d9f-4d2c-809b-20d1b37db684:58581,4:96d33a16-3d9f-4d2c-809b-20d1b37db684:25498,1,5:96d33a16-3d9f-4d2c-809b-20d1b37db684:200331
has_recommended_action,4:96d33a16-3d9f-4d2c-809b-20d1b37db684:58583,4:96d33a16-3d9f-4d2c-809b-20d1b37db684:25696,1,5:96d33a16-3d9f-4d2c-809b-20d1b37db684:200333
has_recommended_action,4:96d33a16-3d9f-4d2c-809b-20d1b37db684:58584,4:96d33a16-3d9f-4d2c-809b-20d1b37db684:25498,1,5:96d33a16-3d9f-4d2c-809b-20d1b37db684:200334
has_recommended_action,4:96d33a16-3d9f-4d2c-809b-20d1b37db684:58584,4:96d33a16-3d9f-4d2c-809b-20d1b37db684:25512,1,5:96d33a16-3d9f-4d2c-809b-20d1b37db684:200335
has_recommended_action,4:96d33a16-3d9f-4d2c-809b-20d1b37db684:58600,4:96d33a16-3d9f-4d2c-809b-20d1b37db684:25498,1,5:96d33a16-3d9f-4d2c-809b-20d1b37db684:200342
has_recommended_action,4:96d33a16-3d9f-4d2c-809b-20d1b37db684:58600,4:96d33a16-3d9f-4d2c-809b-20d1b37db684:36850,1,5:96d33a16-3d9f-4d2c-809b-20d1b37db684:200344
has_recommended_action,4:96d33a16-3d9f-4d2c-809b-20d1b37db684:58600,4:96d33a16-3d9f-4d2c-809b-20d1b37db684:25696,1,5:96d33a16-3d9f-4d2c-809b-20d1b37db684:200346
has_recommended_action,4:96d33a16-3d9f-4d2c-809b-20d1b37db684:58600,4:96d33a16-3d9f-4d2c-809b-20d1b37db684:46986,1,5:96d33a16-3d9f-4d2c-809b-20d1b37db684:200347
has_recommended_action,4:96d33a16-3d9f-4d2c-809b-20d1b37db684:58604,4:96d33a16-3d9f-4d2c-809b-20d1b37db684:25498,1,5:96d33a16-3d9f-4d2c-809b-20d1b37db684:200349
has_recommended_action,4:96d33a16-3d9f-4d2c-809b-20d1b37db684:58604,4:96d33a16-3d9f-4d2c-809b-20d1b37db684:25512,1,5:96d33a16-3d9f-4d2c-809b-20d1b37db684:200351
has_recommended_action,4:96d33a16-3d9f-4d2c-809b-20d1b37db684:58604,4:96d33a16-3d9f-4d2c-809b-20d1b37db684:36850,1,5:96d33a16-3d9f-4d2c-809b-20d1b37db684:200352
has_recommended_action,4:96d33a16-3d9f-4d2c-809b-20d1b37db684:58607,4:96d33a16-3d9f-4d2c-809b-20d1b37db684:25696,1,5:96d33a16-3d9f-4d2c-809b-20d1b37db684:200355
has_recommended_action,4:96d33a16-3d9f-4d2c-809b-20d1b37db684:58609,4:96d33a16-3d9f-4d2c-809b-20d1b37db684:25696,1,5:96d33a16-3d9f-4d2c-809b-20d1b37db684:200357
has_recommended_action,4:96d33a16-3d9f-4d2c-809b-20d1b37db684:58613,4:96d33a16-3d9f-4d2c-809b-20d1b37db684:25498,1,5:96d33a16-3d9f-4d2c-809b-20d1b37db684:200361
has_recommended_action,4:96d33a16-3d9f-4d2c-809b-20d1b37db684:58623,4:96d33a16-3d9f-4d2c-809b-20d1b37db684:25498,1,5:96d33a16-3d9f-4d2c-809b-20d1b37db684:200372
has_recommended_action,4:96d33a16-3d9f-4d2c-809b-20d1b37db684:58628,4:96d33a16-3d9f-4d2c-809b-20d1b37db684:25498,1,5:96d33a16-3d9f-4d2c-809b-20d1b37db684:200375
has_recommended_action,4:96d33a16-3d9f-4d2c-809b-20d1b37db684:58628,4:96d33a16-3d9f-4d2c-809b-20d1b37db684:51476,1,5:96d33a16-3d9f-4d2c-809b-20d1b37db684:200376
has_recommended_action,4:96d33a16-3d9f-4d2c-809b-20d1b37db684:58628,4:96d33a16-3d9f-4d2c-809b-20d1b37db684:25512,1,5:96d33a16-3d9f-4d2c-809b-20d1b37db684:200378
has_recommended_action,4:96d33a16-3d9f-4d2c-809b-20d1b37db684:58631,4:96d33a16-3d9f-4d2c-809b-20d1b37db684:36850,1,5:96d33a16-3d9f-4d2c-809b-20d1b37db684:200382
has_recommended_action,4:96d33a16-3d9f-4d2c-809b-20d1b37db684:58632,4:96d33a16-3d9f-4d2c-809b-20d1b37db684:25498,1,5:96d33a16-3d9f-4d2c-809b-20d1b37db684:200383
has_recommended_action,4:96d33a16-3d9f-4d2c-809b-20d1b37db684:58632,4:96d33a16-3d9f-4d2c-809b-20d1b37db684:25512,1,5:96d33a16-3d9f-4d2c-809b-20d1b37db684:200385
has_recommended_action,4:96d33a16-3d9f-4d2c-809b-20d1b37db684:58637,4:96d33a16-3d9f-4d2c-809b-20d1b37db684:25696,1,5:96d33a16-3d9f-4d2c-809b-20d1b37db684:200390
has_recommended_action,4:96d33a16-3d9f-4d2c-809b-20d1b37db684:58644,4:96d33a16-3d9f-4d2c-809b-20d1b37db684:25498,1,5:96d33a16-3d9f-4d2c-809b-20d1b37db684:200396
has_recommended_action,4:96d33a16-3d9f-4d2c-809b-20d1b37db684:58645,4:96d33a16-3d9f-4d2c-809b-20d1b37db684:25498,1,5:96d33a16-3d9f-4d2c-809b-20d1b37db684:200397
has_recommended_action,4:96d33a16-3d9f-4d2c-809b-20d1b37db684:58645,4:96d33a16-3d9f-4d2c-809b-20d1b37db684:36850,1,5:96d33a16-3d9f-4d2c-809b-20d1b37db684:200399
has_recommended_action,4:96d33a16-3d9f-4d2c-809b-20d1b37db684:58645,4:96d33a16-3d9f-4d2c-809b-20d1b37db684:25696,1,5:96d33a16-3d9f-4d2c-809b-20d1b37db684:200401
has_recommended_action,4:96d33a16-3d9f-4d2c-809b-20d1b37db684:58645,4:96d33a16-3d9f-4d2c-809b-20d1b37db684:46986,1,5:96d33a16-3d9f-4d2c-809b-20d1b37db684:200402
has_recommended_action,4:96d33a16-3d9f-4d2c-809b-20d1b37db684:58649,4:96d33a16-3d9f-4d2c-809b-20d1b37db684:25696,1,5:96d33a16-3d9f-4d2c-809b-20d1b37db684:200406
has_recommended_action,4:96d33a16-3d9f-4d2c-809b-20d1b37db684:58656,4:96d33a16-3d9f-4d2c-809b-20d1b37db684:25498,1,5:96d33a16-3d9f-4d2c-809b-20d1b37db684:200411
has_recommended_action,4:96d33a16-3d9f-4d2c-809b-20d1b37db684:58662,4:96d33a16-3d9f-4d2c-809b-20d1b37db684:36850,1,5:96d33a16-3d9f-4d2c-809b-20d1b37db684:200414
has_recommended_action,4:96d33a16-3d9f-4d2c-809b-20d1b37db684:58663,4:96d33a16-3d9f-4d2c-809b-20d1b37db684:25498,1,5:96d33a16-3d9f-4d2c-809b-20d1b37db684:200415
has_recommended_action,4:96d33a16-3d9f-4d2c-809b-20d1b37db684:58665,4:96d33a16-3d9f-4d2c-809b-20d1b37db684:46986,1,5:96d33a16-3d9f-4d2c-809b-20d1b37db684:200417
has_recommended_action,4:96d33a16-3d9f-4d2c-809b-20d1b37db684:58666,4:96d33a16-3d9f-4d2c-809b-20d1b37db684:25498,1,5:96d33a16-3d9f-4d2c-809b-20d1b37db684:200418
has_recommended_action,4:96d33a16-3d9f-4d2c-809b-20d1b37db684:58667,4:96d33a16-3d9f-4d2c-809b-20d1b37db684:25696,1,5:96d33a16-3d9f-4d2c-809b-20d1b37db684:200420
has_recommended_action,4:96d33a16-3d9f-4d2c-809b-20d1b37db684:58673,4:96d33a16-3d9f-4d2c-809b-20d1b37db684:25498,1,5:96d33a16-3d9f-4d2c-809b-20d1b37db684:200423
has_recommended_action,4:96d33a16-3d9f-4d2c-809b-20d1b37db684:58673,4:96d33a16-3d9f-4d2c-809b-20d1b37db684:25512,1,5:96d33a16-3d9f-4d2c-809b-20d1b37db684:200425
has_recommended_action,4:96d33a16-3d9f-4d2c-809b-20d1b37db684:58684,4:96d33a16-3d9f-4d2c-809b-20d1b37db684:25512,1,5:96d33a16-3d9f-4d2c-809b-20d1b37db684:200432
has_recommended_action,4:96d33a16-3d9f-4d2c-809b-20d1b37db684:58684,4:96d33a16-3d9f-4d2c-809b-20d1b37db684:25696,1,5:96d33a16-3d9f-4d2c-809b-20d1b37db684:200434
has_recommended_action,4:96d33a16-3d9f-4d2c-809b-20d1b37db684:58688,4:96d33a16-3d9f-4d2c-809b-20d1b37db684:25696,1,5:96d33a16-3d9f-4d2c-809b-20d1b37db684:200439
has_recommended_action,4:96d33a16-3d9f-4d2c-809b-20d1b37db684:58692,4:96d33a16-3d9f-4d2c-809b-20d1b37db684:25512,1,5:96d33a16-3d9f-4d2c-809b-20d1b37db684:200444
has_recommended_action,4:96d33a16-3d9f-4d2c-809b-20d1b37db684:58697,4:96d33a16-3d9f-4d2c-809b-20d1b37db684:25512,1,5:96d33a16-3d9f-4d2c-809b-20d1b37db684:200450
has_recommended_action,4:96d33a16-3d9f-4d2c-809b-20d1b37db684:58697,4:96d33a16-3d9f-4d2c-809b-20d1b37db684:25696,1,5:96d33a16-3d9f-4d2c-809b-20d1b37db684:200452
has_recommended_action,4:96d33a16-3d9f-4d2c-809b-20d1b37db684:58701,4:96d33a16-3d9f-4d2c-809b-20d1b37db684:25498,1,5:96d33a16-3d9f-4d2c-809b-20d1b37db684:200455
has_recommended_action,4:96d33a16-3d9f-4d2c-809b-20d1b37db684:58703,4:96d33a16-3d9f-4d2c-809b-20d1b37db684:25498,1,5:96d33a16-3d9f-4d2c-809b-20d1b37db684:200460
has_recommended_action,4:96d33a16-3d9f-4d2c-809b-20d1b37db684:58709,4:96d33a16-3d9f-4d2c-809b-20d1b37db684:25696,1,5:96d33a16-3d9f-4d2c-809b-20d1b37db684:200463
has_recommended_action,4:96d33a16-3d9f-4d2c-809b-20d1b37db684:58710,4:96d33a16-3d9f-4d2c-809b-20d1b37db684:25498,1,5:96d33a16-3d9f-4d2c-809b-20d1b37db684:200464
has_recommended_action,4:96d33a16-3d9f-4d2c-809b-20d1b37db684:58714,4:96d33a16-3d9f-4d2c-809b-20d1b37db684:25498,1,5:96d33a16-3d9f-4d2c-809b-20d1b37db684:200468
has_recommended_action,4:96d33a16-3d9f-4d2c-809b-20d1b37db684:58716,4:96d33a16-3d9f-4d2c-809b-20d1b37db684:25512,1,5:96d33a16-3d9f-4d2c-809b-20d1b37db684:200469
has_recommended_action,4:96d33a16-3d9f-4d2c-809b-20d1b37db684:58717,4:96d33a16-3d9f-4d2c-809b-20d1b37db684:25498,1,5:96d33a16-3d9f-4d2c-809b-20d1b37db684:200470
has_recommended_action,4:96d33a16-3d9f-4d2c-809b-20d1b37db684:58721,4:96d33a16-3d9f-4d2c-809b-20d1b37db684:25498,1,5:96d33a16-3d9f-4d2c-809b-20d1b37db684:200473
has_recommended_action,4:96d33a16-3d9f-4d2c-809b-20d1b37db684:58723,4:96d33a16-3d9f-4d2c-809b-20d1b37db684:25498,1,5:96d33a16-3d9f-4d2c-809b-20d1b37db684:200476
has_recommended_action,4:96d33a16-3d9f-4d2c-809b-20d1b37db684:58726,4:96d33a16-3d9f-4d2c-809b-20d1b37db684:25498,1,5:96d33a16-3d9f-4d2c-809b-20d1b37db684:200478
has_recommended_action,4:96d33a16-3d9f-4d2c-809b-20d1b37db684:58726,4:96d33a16-3d9f-4d2c-809b-20d1b37db684:25512,1,5:96d33a16-3d9f-4d2c-809b-20d1b37db684:200480
has_recommended_action,4:96d33a16-3d9f-4d2c-809b-20d1b37db684:58729,4:96d33a16-3d9f-4d2c-809b-20d1b37db684:25498,1,5:96d33a16-3d9f-4d2c-809b-20d1b37db684:200487
has_recommended_action,4:96d33a16-3d9f-4d2c-809b-20d1b37db684:58729,4:96d33a16-3d9f-4d2c-809b-20d1b37db684:25512,1,5:96d33a16-3d9f-4d2c-809b-20d1b37db684:200488
has_recommended_action,4:96d33a16-3d9f-4d2c-809b-20d1b37db684:58735,4:96d33a16-3d9f-4d2c-809b-20d1b37db684:25512,1,5:96d33a16-3d9f-4d2c-809b-20d1b37db684:200494
has_recommended_action,4:96d33a16-3d9f-4d2c-809b-20d1b37db684:58736,4:96d33a16-3d9f-4d2c-809b-20d1b37db684:25498,1,5:96d33a16-3d9f-4d2c-809b-20d1b37db684:200495
has_recommended_action,4:96d33a16-3d9f-4d2c-809b-20d1b37db684:58737,4:96d33a16-3d9f-4d2c-809b-20d1b37db684:25512,1,5:96d33a16-3d9f-4d2c-809b-20d1b37db684:200497
has_recommended_action,4:96d33a16-3d9f-4d2c-809b-20d1b37db684:58742,4:96d33a16-3d9f-4d2c-809b-20d1b37db684:25696,1,5:96d33a16-3d9f-4d2c-809b-20d1b37db684:200505
has_recommended_action,4:96d33a16-3d9f-4d2c-809b-20d1b37db684:58745,4:96d33a16-3d9f-4d2c-809b-20d1b37db684:25696,1,5:96d33a16-3d9f-4d2c-809b-20d1b37db684:200508
has_recommended_action,4:96d33a16-3d9f-4d2c-809b-20d1b37db684:58747,4:96d33a16-3d9f-4d2c-809b-20d1b37db684:25498,1,5:96d33a16-3d9f-4d2c-809b-20d1b37db684:200509
has_recommended_action,4:96d33a16-3d9f-4d2c-809b-20d1b37db684:58757,4:96d33a16-3d9f-4d2c-809b-20d1b37db684:25498,1,5:96d33a16-3d9f-4d2c-809b-20d1b37db684:200512
has_recommended_action,4:96d33a16-3d9f-4d2c-809b-20d1b37db684:58757,4:96d33a16-3d9f-4d2c-809b-20d1b37db684:25696,1,5:96d33a16-3d9f-4d2c-809b-20d1b37db684:200515
has_recommended_action,4:96d33a16-3d9f-4d2c-809b-20d1b37db684:58757,4:96d33a16-3d9f-4d2c-809b-20d1b37db684:46986,1,5:96d33a16-3d9f-4d2c-809b-20d1b37db684:200516
has_recommended_action,4:96d33a16-3d9f-4d2c-809b-20d1b37db684:58760,4:96d33a16-3d9f-4d2c-809b-20d1b37db684:25498,1,5:96d33a16-3d9f-4d2c-809b-20d1b37db684:200517
has_recommended_action,4:96d33a16-3d9f-4d2c-809b-20d1b37db684:58765,4:96d33a16-3d9f-4d2c-809b-20d1b37db684:25498,1,5:96d33a16-3d9f-4d2c-809b-20d1b37db684:200518
has_recommended_action,4:96d33a16-3d9f-4d2c-809b-20d1b37db684:58769,4:96d33a16-3d9f-4d2c-809b-20d1b37db684:25512,1,5:96d33a16-3d9f-4d2c-809b-20d1b37db684:200525
has_recommended_action,4:96d33a16-3d9f-4d2c-809b-20d1b37db684:58772,4:96d33a16-3d9f-4d2c-809b-20d1b37db684:25498,1,5:96d33a16-3d9f-4d2c-809b-20d1b37db684:200529
has_recommended_action,4:96d33a16-3d9f-4d2c-809b-20d1b37db684:58775,4:96d33a16-3d9f-4d2c-809b-20d1b37db684:25498,1,5:96d33a16-3d9f-4d2c-809b-20d1b37db684:200535
has_recommended_action,4:96d33a16-3d9f-4d2c-809b-20d1b37db684:58775,4:96d33a16-3d9f-4d2c-809b-20d1b37db684:25696,1,5:96d33a16-3d9f-4d2c-809b-20d1b37db684:200538
has_recommended_action,4:96d33a16-3d9f-4d2c-809b-20d1b37db684:58781,4:96d33a16-3d9f-4d2c-809b-20d1b37db684:25498,1,5:96d33a16-3d9f-4d2c-809b-20d1b37db684:200539
has_recommended_action,4:96d33a16-3d9f-4d2c-809b-20d1b37db684:58784,4:96d33a16-3d9f-4d2c-809b-20d1b37db684:25498,1,5:96d33a16-3d9f-4d2c-809b-20d1b37db684:200542
has_recommended_action,4:96d33a16-3d9f-4d2c-809b-20d1b37db684:58789,4:96d33a16-3d9f-4d2c-809b-20d1b37db684:25498,1,5:96d33a16-3d9f-4d2c-809b-20d1b37db684:200547
has_recommended_action,4:96d33a16-3d9f-4d2c-809b-20d1b37db684:58792,4:96d33a16-3d9f-4d2c-809b-20d1b37db684:25498,1,5:96d33a16-3d9f-4d2c-809b-20d1b37db684:200549
has_recommended_action,4:96d33a16-3d9f-4d2c-809b-20d1b37db684:58792,4:96d33a16-3d9f-4d2c-809b-20d1b37db684:36850,1,5:96d33a16-3d9f-4d2c-809b-20d1b37db684:200551
has_recommended_action,4:96d33a16-3d9f-4d2c-809b-20d1b37db684:58792,4:96d33a16-3d9f-4d2c-809b-20d1b37db684:25696,1,5:96d33a16-3d9f-4d2c-809b-20d1b37db684:200553
has_recommended_action,4:96d33a16-3d9f-4d2c-809b-20d1b37db684:58799,4:96d33a16-3d9f-4d2c-809b-20d1b37db684:25498,1,5:96d33a16-3d9f-4d2c-809b-20d1b37db684:200555
has_recommended_action,4:96d33a16-3d9f-4d2c-809b-20d1b37db684:58799,4:96d33a16-3d9f-4d2c-809b-20d1b37db684:36850,1,5:96d33a16-3d9f-4d2c-809b-20d1b37db684:200557
has_recommended_action,4:96d33a16-3d9f-4d2c-809b-20d1b37db684:58799,4:96d33a16-3d9f-4d2c-809b-20d1b37db684:25696,1,5:96d33a16-3d9f-4d2c-809b-20d1b37db684:200559
has_recommended_action,4:96d33a16-3d9f-4d2c-809b-20d1b37db684:58799,4:96d33a16-3d9f-4d2c-809b-20d1b37db684:46986,1,5:96d33a16-3d9f-4d2c-809b-20d1b37db684:200560
has_recommended_action,4:96d33a16-3d9f-4d2c-809b-20d1b37db684:58807,4:96d33a16-3d9f-4d2c-809b-20d1b37db684:25512,1,5:96d33a16-3d9f-4d2c-809b-20d1b37db684:200566
has_recommended_action,4:96d33a16-3d9f-4d2c-809b-20d1b37db684:58807,4:96d33a16-3d9f-4d2c-809b-20d1b37db684:25696,1,5:96d33a16-3d9f-4d2c-809b-20d1b37db684:200568
has_recommended_action,4:96d33a16-3d9f-4d2c-809b-20d1b37db684:58820,4:96d33a16-3d9f-4d2c-809b-20d1b37db684:25498,1,5:96d33a16-3d9f-4d2c-809b-20d1b37db684:200582
has_recommended_action,4:96d33a16-3d9f-4d2c-809b-20d1b37db684:58822,4:96d33a16-3d9f-4d2c-809b-20d1b37db684:25498,1,5:96d33a16-3d9f-4d2c-809b-20d1b37db684:200583
has_recommended_action,4:96d33a16-3d9f-4d2c-809b-20d1b37db684:58823,4:96d33a16-3d9f-4d2c-809b-20d1b37db684:25512,1,5:96d33a16-3d9f-4d2c-809b-20d1b37db684:200585
has_recommended_action,4:96d33a16-3d9f-4d2c-809b-20d1b37db684:58825,4:96d33a16-3d9f-4d2c-809b-20d1b37db684:25498,1,5:96d33a16-3d9f-4d2c-809b-20d1b37db684:200587
has_recommended_action,4:96d33a16-3d9f-4d2c-809b-20d1b37db684:58825,4:96d33a16-3d9f-4d2c-809b-20d1b37db684:46986,1,5:96d33a16-3d9f-4d2c-809b-20d1b37db684:200590
has_recommended_action,4:96d33a16-3d9f-4d2c-809b-20d1b37db684:58828,4:96d33a16-3d9f-4d2c-809b-20d1b37db684:51476,1,5:96d33a16-3d9f-4d2c-809b-20d1b37db684:200591
has_recommended_action,4:96d33a16-3d9f-4d2c-809b-20d1b37db684:58832,4:96d33a16-3d9f-4d2c-809b-20d1b37db684:25696,1,5:96d33a16-3d9f-4d2c-809b-20d1b37db684:200594
has_recommended_action,4:96d33a16-3d9f-4d2c-809b-20d1b37db684:58838,4:96d33a16-3d9f-4d2c-809b-20d1b37db684:25512,1,5:96d33a16-3d9f-4d2c-809b-20d1b37db684:200598
has_recommended_action,4:96d33a16-3d9f-4d2c-809b-20d1b37db684:58841,4:96d33a16-3d9f-4d2c-809b-20d1b37db684:25696,1,5:96d33a16-3d9f-4d2c-809b-20d1b37db684:200604
has_recommended_action,4:96d33a16-3d9f-4d2c-809b-20d1b37db684:58849,4:96d33a16-3d9f-4d2c-809b-20d1b37db684:25512,1,5:96d33a16-3d9f-4d2c-809b-20d1b37db684:200611
has_recommended_action,4:96d33a16-3d9f-4d2c-809b-20d1b37db684:58849,4:96d33a16-3d9f-4d2c-809b-20d1b37db684:25696,1,5:96d33a16-3d9f-4d2c-809b-20d1b37db684:200613
has_recommended_action,4:96d33a16-3d9f-4d2c-809b-20d1b37db684:58853,4:96d33a16-3d9f-4d2c-809b-20d1b37db684:25498,1,5:96d33a16-3d9f-4d2c-809b-20d1b37db684:200615
has_recommended_action,4:96d33a16-3d9f-4d2c-809b-20d1b37db684:58857,4:96d33a16-3d9f-4d2c-809b-20d1b37db684:25498,1,5:96d33a16-3d9f-4d2c-809b-20d1b37db684:200617
has_recommended_action,4:96d33a16-3d9f-4d2c-809b-20d1b37db684:58862,4:96d33a16-3d9f-4d2c-809b-20d1b37db684:25498,1,5:96d33a16-3d9f-4d2c-809b-20d1b37db684:200618
has_recommended_action,4:96d33a16-3d9f-4d2c-809b-20d1b37db684:58876,4:96d33a16-3d9f-4d2c-809b-20d1b37db684:25498,1,5:96d33a16-3d9f-4d2c-809b-20d1b37db684:200628
has_recommended_action,4:96d33a16-3d9f-4d2c-809b-20d1b37db684:58879,4:96d33a16-3d9f-4d2c-809b-20d1b37db684:25512,1,5:96d33a16-3d9f-4d2c-809b-20d1b37db684:200630
has_recommended_action,4:96d33a16-3d9f-4d2c-809b-20d1b37db684:58884,4:96d33a16-3d9f-4d2c-809b-20d1b37db684:25512,1,5:96d33a16-3d9f-4d2c-809b-20d1b37db684:200634
has_recommended_action,4:96d33a16-3d9f-4d2c-809b-20d1b37db684:58884,4:96d33a16-3d9f-4d2c-809b-20d1b37db684:25696,1,5:96d33a16-3d9f-4d2c-809b-20d1b37db684:200636
has_recommended_action,4:96d33a16-3d9f-4d2c-809b-20d1b37db684:58890,4:96d33a16-3d9f-4d2c-809b-20d1b37db684:25498,1,5:96d33a16-3d9f-4d2c-809b-20d1b37db684:200646
has_recommended_action,4:96d33a16-3d9f-4d2c-809b-20d1b37db684:58896,4:96d33a16-3d9f-4d2c-809b-20d1b37db684:36850,1,5:96d33a16-3d9f-4d2c-809b-20d1b37db684:200651
has_recommended_action,4:96d33a16-3d9f-4d2c-809b-20d1b37db684:58905,4:96d33a16-3d9f-4d2c-809b-20d1b37db684:25498,1,5:96d33a16-3d9f-4d2c-809b-20d1b37db684:200657
has_recommended_action,4:96d33a16-3d9f-4d2c-809b-20d1b37db684:58905,4:96d33a16-3d9f-4d2c-809b-20d1b37db684:36850,1,5:96d33a16-3d9f-4d2c-809b-20d1b37db684:200658
has_recommended_action,4:96d33a16-3d9f-4d2c-809b-20d1b37db684:58911,4:96d33a16-3d9f-4d2c-809b-20d1b37db684:25498,1,5:96d33a16-3d9f-4d2c-809b-20d1b37db684:200661
has_recommended_action,4:96d33a16-3d9f-4d2c-809b-20d1b37db684:58913,4:96d33a16-3d9f-4d2c-809b-20d1b37db684:25498,1,5:96d33a16-3d9f-4d2c-809b-20d1b37db684:200662
has_recommended_action,4:96d33a16-3d9f-4d2c-809b-20d1b37db684:58917,4:96d33a16-3d9f-4d2c-809b-20d1b37db684:25498,1,5:96d33a16-3d9f-4d2c-809b-20d1b37db684:200666
has_recommended_action,4:96d33a16-3d9f-4d2c-809b-20d1b37db684:58920,4:96d33a16-3d9f-4d2c-809b-20d1b37db684:25498,1,5:96d33a16-3d9f-4d2c-809b-20d1b37db684:200667
has_recommended_action,4:96d33a16-3d9f-4d2c-809b-20d1b37db684:58922,4:96d33a16-3d9f-4d2c-809b-20d1b37db684:25512,1,5:96d33a16-3d9f-4d2c-809b-20d1b37db684:200669
has_recommended_action,4:96d33a16-3d9f-4d2c-809b-20d1b37db684:58923,4:96d33a16-3d9f-4d2c-809b-20d1b37db684:25498,1,5:96d33a16-3d9f-4d2c-809b-20d1b37db684:200671
has_recommended_action,4:96d33a16-3d9f-4d2c-809b-20d1b37db684:58930,4:96d33a16-3d9f-4d2c-809b-20d1b37db684:25696,1,5:96d33a16-3d9f-4d2c-809b-20d1b37db684:200674
has_recommended_action,4:96d33a16-3d9f-4d2c-809b-20d1b37db684:58932,4:96d33a16-3d9f-4d2c-809b-20d1b37db684:25498,1,5:96d33a16-3d9f-4d2c-809b-20d1b37db684:200675
has_recommended_action,4:96d33a16-3d9f-4d2c-809b-20d1b37db684:58935,4:96d33a16-3d9f-4d2c-809b-20d1b37db684:25696,1,5:96d33a16-3d9f-4d2c-809b-20d1b37db684:200680
has_recommended_action,4:96d33a16-3d9f-4d2c-809b-20d1b37db684:58936,4:96d33a16-3d9f-4d2c-809b-20d1b37db684:25498,1,5:96d33a16-3d9f-4d2c-809b-20d1b37db684:200681
has_recommended_action,4:96d33a16-3d9f-4d2c-809b-20d1b37db684:58936,4:96d33a16-3d9f-4d2c-809b-20d1b37db684:25512,1,5:96d33a16-3d9f-4d2c-809b-20d1b37db684:200682
has_recommended_action,4:96d33a16-3d9f-4d2c-809b-20d1b37db684:58938,4:96d33a16-3d9f-4d2c-809b-20d1b37db684:25696,1,5:96d33a16-3d9f-4d2c-809b-20d1b37db684:200686
has_recommended_action,4:96d33a16-3d9f-4d2c-809b-20d1b37db684:58950,4:96d33a16-3d9f-4d2c-809b-20d1b37db684:25498,1,5:96d33a16-3d9f-4d2c-809b-20d1b37db684:200694
has_recommended_action,4:96d33a16-3d9f-4d2c-809b-20d1b37db684:58950,4:96d33a16-3d9f-4d2c-809b-20d1b37db684:36850,1,5:96d33a16-3d9f-4d2c-809b-20d1b37db684:200696
has_recommended_action,4:96d33a16-3d9f-4d2c-809b-20d1b37db684:58950,4:96d33a16-3d9f-4d2c-809b-20d1b37db684:25696,1,5:96d33a16-3d9f-4d2c-809b-20d1b37db684:200698
has_recommended_action,4:96d33a16-3d9f-4d2c-809b-20d1b37db684:58951,4:96d33a16-3d9f-4d2c-809b-20d1b37db684:36850,1,5:96d33a16-3d9f-4d2c-809b-20d1b37db684:200699
has_recommended_action,4:96d33a16-3d9f-4d2c-809b-20d1b37db684:58951,4:96d33a16-3d9f-4d2c-809b-20d1b37db684:25696,1,5:96d33a16-3d9f-4d2c-809b-20d1b37db684:200701
has_recommended_action,4:96d33a16-3d9f-4d2c-809b-20d1b37db684:58953,4:96d33a16-3d9f-4d2c-809b-20d1b37db684:25498,1,5:96d33a16-3d9f-4d2c-809b-20d1b37db684:200703
has_recommended_action,4:96d33a16-3d9f-4d2c-809b-20d1b37db684:58953,4:96d33a16-3d9f-4d2c-809b-20d1b37db684:25696,1,5:96d33a16-3d9f-4d2c-809b-20d1b37db684:200706
has_recommended_action,4:96d33a16-3d9f-4d2c-809b-20d1b37db684:58953,4:96d33a16-3d9f-4d2c-809b-20d1b37db684:46986,1,5:96d33a16-3d9f-4d2c-809b-20d1b37db684:200707
has_recommended_action,4:96d33a16-3d9f-4d2c-809b-20d1b37db684:58955,4:96d33a16-3d9f-4d2c-809b-20d1b37db684:25512,1,5:96d33a16-3d9f-4d2c-809b-20d1b37db684:200709
has_recommended_action,4:96d33a16-3d9f-4d2c-809b-20d1b37db684:58957,4:96d33a16-3d9f-4d2c-809b-20d1b37db684:25498,1,5:96d33a16-3d9f-4d2c-809b-20d1b37db684:200714
has_recommended_action,4:96d33a16-3d9f-4d2c-809b-20d1b37db684:58957,4:96d33a16-3d9f-4d2c-809b-20d1b37db684:25512,1,5:96d33a16-3d9f-4d2c-809b-20d1b37db684:200715
has_recommended_action,4:96d33a16-3d9f-4d2c-809b-20d1b37db684:58959,4:96d33a16-3d9f-4d2c-809b-20d1b37db684:25498,1,5:96d33a16-3d9f-4d2c-809b-20d1b37db684:200719
has_recommended_action,4:96d33a16-3d9f-4d2c-809b-20d1b37db684:58962,4:96d33a16-3d9f-4d2c-809b-20d1b37db684:25498,1,5:96d33a16-3d9f-4d2c-809b-20d1b37db684:200722
has_recommended_action,4:96d33a16-3d9f-4d2c-809b-20d1b37db684:58969,4:96d33a16-3d9f-4d2c-809b-20d1b37db684:25696,1,5:96d33a16-3d9f-4d2c-809b-20d1b37db684:200726
has_recommended_action,4:96d33a16-3d9f-4d2c-809b-20d1b37db684:58971,4:96d33a16-3d9f-4d2c-809b-20d1b37db684:25498,1,5:96d33a16-3d9f-4d2c-809b-20d1b37db684:200729
has_recommended_action,4:96d33a16-3d9f-4d2c-809b-20d1b37db684:58971,4:96d33a16-3d9f-4d2c-809b-20d1b37db684:25696,1,5:96d33a16-3d9f-4d2c-809b-20d1b37db684:200732
has_recommended_action,4:96d33a16-3d9f-4d2c-809b-20d1b37db684:58971,4:96d33a16-3d9f-4d2c-809b-20d1b37db684:46986,1,5:96d33a16-3d9f-4d2c-809b-20d1b37db684:200733
has_recommended_action,4:96d33a16-3d9f-4d2c-809b-20d1b37db684:58973,4:96d33a16-3d9f-4d2c-809b-20d1b37db684:25498,1,5:96d33a16-3d9f-4d2c-809b-20d1b37db684:200734
has_recommended_action,4:96d33a16-3d9f-4d2c-809b-20d1b37db684:58979,4:96d33a16-3d9f-4d2c-809b-20d1b37db684:36850,1,5:96d33a16-3d9f-4d2c-809b-20d1b37db684:200738
has_recommended_action,4:96d33a16-3d9f-4d2c-809b-20d1b37db684:58981,4:96d33a16-3d9f-4d2c-809b-20d1b37db684:25512,1,5:96d33a16-3d9f-4d2c-809b-20d1b37db684:200740
has_recommended_action,4:96d33a16-3d9f-4d2c-809b-20d1b37db684:58987,4:96d33a16-3d9f-4d2c-809b-20d1b37db684:25498,1,5:96d33a16-3d9f-4d2c-809b-20d1b37db684:200745
has_recommended_action,4:96d33a16-3d9f-4d2c-809b-20d1b37db684:58991,4:96d33a16-3d9f-4d2c-809b-20d1b37db684:36850,1,5:96d33a16-3d9f-4d2c-809b-20d1b37db684:200749
has_recommended_action,4:96d33a16-3d9f-4d2c-809b-20d1b37db684:58992,4:96d33a16-3d9f-4d2c-809b-20d1b37db684:25498,1,5:96d33a16-3d9f-4d2c-809b-20d1b37db684:200750
has_recommended_action,4:96d33a16-3d9f-4d2c-809b-20d1b37db684:58992,4:96d33a16-3d9f-4d2c-809b-20d1b37db684:25512,1,5:96d33a16-3d9f-4d2c-809b-20d1b37db684:200751
has_recommended_action,4:96d33a16-3d9f-4d2c-809b-20d1b37db684:58996,4:96d33a16-3d9f-4d2c-809b-20d1b37db684:25498,1,5:96d33a16-3d9f-4d2c-809b-20d1b37db684:200756
has_recommended_action,4:96d33a16-3d9f-4d2c-809b-20d1b37db684:58996,4:96d33a16-3d9f-4d2c-809b-20d1b37db684:46986,1,5:96d33a16-3d9f-4d2c-809b-20d1b37db684:200758
has_recommended_action,4:96d33a16-3d9f-4d2c-809b-20d1b37db684:58998,4:96d33a16-3d9f-4d2c-809b-20d1b37db684:36850,1,5:96d33a16-3d9f-4d2c-809b-20d1b37db684:200760
has_recommended_action,4:96d33a16-3d9f-4d2c-809b-20d1b37db684:58999,4:96d33a16-3d9f-4d2c-809b-20d1b37db684:25696,1,5:96d33a16-3d9f-4d2c-809b-20d1b37db684:200763
has_recommended_action,4:96d33a16-3d9f-4d2c-809b-20d1b37db684:59000,4:96d33a16-3d9f-4d2c-809b-20d1b37db684:25696,1,5:96d33a16-3d9f-4d2c-809b-20d1b37db684:200765
has_recommended_action,4:96d33a16-3d9f-4d2c-809b-20d1b37db684:59005,4:96d33a16-3d9f-4d2c-809b-20d1b37db684:25498,1,5:96d33a16-3d9f-4d2c-809b-20d1b37db684:200772
has_recommended_action,4:96d33a16-3d9f-4d2c-809b-20d1b37db684:59012,4:96d33a16-3d9f-4d2c-809b-20d1b37db684:25696,1,5:96d33a16-3d9f-4d2c-809b-20d1b37db684:200775
has_recommended_action,4:96d33a16-3d9f-4d2c-809b-20d1b37db684:59016,4:96d33a16-3d9f-4d2c-809b-20d1b37db684:25498,1,5:96d33a16-3d9f-4d2c-809b-20d1b37db684:200776
has_recommended_action,4:96d33a16-3d9f-4d2c-809b-20d1b37db684:59016,4:96d33a16-3d9f-4d2c-809b-20d1b37db684:46986,1,5:96d33a16-3d9f-4d2c-809b-20d1b37db684:200779
has_recommended_action,4:96d33a16-3d9f-4d2c-809b-20d1b37db684:59017,4:96d33a16-3d9f-4d2c-809b-20d1b37db684:25696,1,5:96d33a16-3d9f-4d2c-809b-20d1b37db684:200781
has_recommended_action,4:96d33a16-3d9f-4d2c-809b-20d1b37db684:59018,4:96d33a16-3d9f-4d2c-809b-20d1b37db684:25498,1,5:96d33a16-3d9f-4d2c-809b-20d1b37db684:200782
has_recommended_action,4:96d33a16-3d9f-4d2c-809b-20d1b37db684:59029,4:96d33a16-3d9f-4d2c-809b-20d1b37db684:25512,1,5:96d33a16-3d9f-4d2c-809b-20d1b37db684:200797
has_recommended_action,4:96d33a16-3d9f-4d2c-809b-20d1b37db684:59034,4:96d33a16-3d9f-4d2c-809b-20d1b37db684:25498,1,5:96d33a16-3d9f-4d2c-809b-20d1b37db684:200802
has_recommended_action,4:96d33a16-3d9f-4d2c-809b-20d1b37db684:59035,4:96d33a16-3d9f-4d2c-809b-20d1b37db684:25512,1,5:96d33a16-3d9f-4d2c-809b-20d1b37db684:200803
has_recommended_action,4:96d33a16-3d9f-4d2c-809b-20d1b37db684:59037,4:96d33a16-3d9f-4d2c-809b-20d1b37db684:25696,1,5:96d33a16-3d9f-4d2c-809b-20d1b37db684:200806
has_recommended_action,4:96d33a16-3d9f-4d2c-809b-20d1b37db684:59040,4:96d33a16-3d9f-4d2c-809b-20d1b37db684:25498,1,5:96d33a16-3d9f-4d2c-809b-20d1b37db684:200809
has_recommended_action,4:96d33a16-3d9f-4d2c-809b-20d1b37db684:59040,4:96d33a16-3d9f-4d2c-809b-20d1b37db684:51476,1,5:96d33a16-3d9f-4d2c-809b-20d1b37db684:200810
has_recommended_action,4:96d33a16-3d9f-4d2c-809b-20d1b37db684:59040,4:96d33a16-3d9f-4d2c-809b-20d1b37db684:25512,1,5:96d33a16-3d9f-4d2c-809b-20d1b37db684:200812
has_recommended_action,4:96d33a16-3d9f-4d2c-809b-20d1b37db684:59042,4:96d33a16-3d9f-4d2c-809b-20d1b37db684:25498,1,5:96d33a16-3d9f-4d2c-809b-20d1b37db684:200815
has_recommended_action,4:96d33a16-3d9f-4d2c-809b-20d1b37db684:59042,4:96d33a16-3d9f-4d2c-809b-20d1b37db684:36850,1,5:96d33a16-3d9f-4d2c-809b-20d1b37db684:200818
has_recommended_action,4:96d33a16-3d9f-4d2c-809b-20d1b37db684:59044,4:96d33a16-3d9f-4d2c-809b-20d1b37db684:25498,1,5:96d33a16-3d9f-4d2c-809b-20d1b37db684:200821
has_recommended_action,4:96d33a16-3d9f-4d2c-809b-20d1b37db684:59048,4:96d33a16-3d9f-4d2c-809b-20d1b37db684:25498,1,5:96d33a16-3d9f-4d2c-809b-20d1b37db684:200824
has_recommended_action,4:96d33a16-3d9f-4d2c-809b-20d1b37db684:59050,4:96d33a16-3d9f-4d2c-809b-20d1b37db684:25498,1,5:96d33a16-3d9f-4d2c-809b-20d1b37db684:200825
has_recommended_action,4:96d33a16-3d9f-4d2c-809b-20d1b37db684:59051,4:96d33a16-3d9f-4d2c-809b-20d1b37db684:25512,1,5:96d33a16-3d9f-4d2c-809b-20d1b37db684:200829
has_recommended_action,4:96d33a16-3d9f-4d2c-809b-20d1b37db684:59051,4:96d33a16-3d9f-4d2c-809b-20d1b37db684:25696,1,5:96d33a16-3d9f-4d2c-809b-20d1b37db684:200831
has_recommended_action,4:96d33a16-3d9f-4d2c-809b-20d1b37db684:59052,4:96d33a16-3d9f-4d2c-809b-20d1b37db684:25696,1,5:96d33a16-3d9f-4d2c-809b-20d1b37db684:200833
has_recommended_action,4:96d33a16-3d9f-4d2c-809b-20d1b37db684:59053,4:96d33a16-3d9f-4d2c-809b-20d1b37db684:25696,1,5:96d33a16-3d9f-4d2c-809b-20d1b37db684:200836
has_recommended_action,4:96d33a16-3d9f-4d2c-809b-20d1b37db684:59055,4:96d33a16-3d9f-4d2c-809b-20d1b37db684:25498,1,5:96d33a16-3d9f-4d2c-809b-20d1b37db684:200838
has_recommended_action,4:96d33a16-3d9f-4d2c-809b-20d1b37db684:59056,4:96d33a16-3d9f-4d2c-809b-20d1b37db684:25512,1,5:96d33a16-3d9f-4d2c-809b-20d1b37db684:200842
has_recommended_action,4:96d33a16-3d9f-4d2c-809b-20d1b37db684:59056,4:96d33a16-3d9f-4d2c-809b-20d1b37db684:25696,1,5:96d33a16-3d9f-4d2c-809b-20d1b37db684:200844
has_recommended_action,4:96d33a16-3d9f-4d2c-809b-20d1b37db684:59058,4:96d33a16-3d9f-4d2c-809b-20d1b37db684:25498,1,5:96d33a16-3d9f-4d2c-809b-20d1b37db684:200845
has_recommended_action,4:96d33a16-3d9f-4d2c-809b-20d1b37db684:59064,4:96d33a16-3d9f-4d2c-809b-20d1b37db684:25498,1,5:96d33a16-3d9f-4d2c-809b-20d1b37db684:200851
has_recommended_action,4:96d33a16-3d9f-4d2c-809b-20d1b37db684:59066,4:96d33a16-3d9f-4d2c-809b-20d1b37db684:25498,1,5:96d33a16-3d9f-4d2c-809b-20d1b37db684:200854
has_recommended_action,4:96d33a16-3d9f-4d2c-809b-20d1b37db684:59070,4:96d33a16-3d9f-4d2c-809b-20d1b37db684:25696,1,5:96d33a16-3d9f-4d2c-809b-20d1b37db684:200856
has_recommended_action,4:96d33a16-3d9f-4d2c-809b-20d1b37db684:59077,4:96d33a16-3d9f-4d2c-809b-20d1b37db684:36850,1,5:96d33a16-3d9f-4d2c-809b-20d1b37db684:200860
has_recommended_action,4:96d33a16-3d9f-4d2c-809b-20d1b37db684:59080,4:96d33a16-3d9f-4d2c-809b-20d1b37db684:25512,1,5:96d33a16-3d9f-4d2c-809b-20d1b37db684:200862
has_recommended_action,4:96d33a16-3d9f-4d2c-809b-20d1b37db684:59081,4:96d33a16-3d9f-4d2c-809b-20d1b37db684:25498,1,5:96d33a16-3d9f-4d2c-809b-20d1b37db684:200863
has_recommended_action,4:96d33a16-3d9f-4d2c-809b-20d1b37db684:59084,4:96d33a16-3d9f-4d2c-809b-20d1b37db684:25498,1,5:96d33a16-3d9f-4d2c-809b-20d1b37db684:200866
has_recommended_action,4:96d33a16-3d9f-4d2c-809b-20d1b37db684:59093,4:96d33a16-3d9f-4d2c-809b-20d1b37db684:25696,1,5:96d33a16-3d9f-4d2c-809b-20d1b37db684:200874
has_recommended_action,4:96d33a16-3d9f-4d2c-809b-20d1b37db684:59094,4:96d33a16-3d9f-4d2c-809b-20d1b37db684:36850,1,5:96d33a16-3d9f-4d2c-809b-20d1b37db684:200876
has_recommended_action,4:96d33a16-3d9f-4d2c-809b-20d1b37db684:59102,4:96d33a16-3d9f-4d2c-809b-20d1b37db684:25696,1,5:96d33a16-3d9f-4d2c-809b-20d1b37db684:200880
has_recommended_action,4:96d33a16-3d9f-4d2c-809b-20d1b37db684:59108,4:96d33a16-3d9f-4d2c-809b-20d1b37db684:25696,1,5:96d33a16-3d9f-4d2c-809b-20d1b37db684:200883
has_recommended_action,4:96d33a16-3d9f-4d2c-809b-20d1b37db684:59109,4:96d33a16-3d9f-4d2c-809b-20d1b37db684:25696,1,5:96d33a16-3d9f-4d2c-809b-20d1b37db684:200885
has_recommended_action,4:96d33a16-3d9f-4d2c-809b-20d1b37db684:59110,4:96d33a16-3d9f-4d2c-809b-20d1b37db684:25696,1,5:96d33a16-3d9f-4d2c-809b-20d1b37db684:200888
has_recommended_action,4:96d33a16-3d9f-4d2c-809b-20d1b37db684:59111,4:96d33a16-3d9f-4d2c-809b-20d1b37db684:25696,1,5:96d33a16-3d9f-4d2c-809b-20d1b37db684:200890
has_recommended_action,4:96d33a16-3d9f-4d2c-809b-20d1b37db684:59113,4:96d33a16-3d9f-4d2c-809b-20d1b37db684:25498,1,5:96d33a16-3d9f-4d2c-809b-20d1b37db684:200892
has_recommended_action,4:96d33a16-3d9f-4d2c-809b-20d1b37db684:59117,4:96d33a16-3d9f-4d2c-809b-20d1b37db684:46986,1,5:96d33a16-3d9f-4d2c-809b-20d1b37db684:200899
has_recommended_action,4:96d33a16-3d9f-4d2c-809b-20d1b37db684:59119,4:96d33a16-3d9f-4d2c-809b-20d1b37db684:25498,1,5:96d33a16-3d9f-4d2c-809b-20d1b37db684:200902
has_recommended_action,4:96d33a16-3d9f-4d2c-809b-20d1b37db684:59119,4:96d33a16-3d9f-4d2c-809b-20d1b37db684:25512,1,5:96d33a16-3d9f-4d2c-809b-20d1b37db684:200903
has_recommended_action,4:96d33a16-3d9f-4d2c-809b-20d1b37db684:59120,4:96d33a16-3d9f-4d2c-809b-20d1b37db684:25696,1,5:96d33a16-3d9f-4d2c-809b-20d1b37db684:200905
has_recommended_action,4:96d33a16-3d9f-4d2c-809b-20d1b37db684:59121,4:96d33a16-3d9f-4d2c-809b-20d1b37db684:36850,1,5:96d33a16-3d9f-4d2c-809b-20d1b37db684:200907
has_recommended_action,4:96d33a16-3d9f-4d2c-809b-20d1b37db684:59131,4:96d33a16-3d9f-4d2c-809b-20d1b37db684:25498,1,5:96d33a16-3d9f-4d2c-809b-20d1b37db684:200911
has_recommended_action,4:96d33a16-3d9f-4d2c-809b-20d1b37db684:59133,4:96d33a16-3d9f-4d2c-809b-20d1b37db684:25498,1,5:96d33a16-3d9f-4d2c-809b-20d1b37db684:200915
has_recommended_action,4:96d33a16-3d9f-4d2c-809b-20d1b37db684:59154,4:96d33a16-3d9f-4d2c-809b-20d1b37db684:25498,1,5:96d33a16-3d9f-4d2c-809b-20d1b37db684:200924
has_recommended_action,4:96d33a16-3d9f-4d2c-809b-20d1b37db684:59166,4:96d33a16-3d9f-4d2c-809b-20d1b37db684:25696,1,5:96d33a16-3d9f-4d2c-809b-20d1b37db684:200928
has_recommended_action,4:96d33a16-3d9f-4d2c-809b-20d1b37db684:59173,4:96d33a16-3d9f-4d2c-809b-20d1b37db684:25512,1,5:96d33a16-3d9f-4d2c-809b-20d1b37db684:200929
has_recommended_action,4:96d33a16-3d9f-4d2c-809b-20d1b37db684:59174,4:96d33a16-3d9f-4d2c-809b-20d1b37db684:25498,1,5:96d33a16-3d9f-4d2c-809b-20d1b37db684:200931
has_recommended_action,4:96d33a16-3d9f-4d2c-809b-20d1b37db684:59174,4:96d33a16-3d9f-4d2c-809b-20d1b37db684:25696,1,5:96d33a16-3d9f-4d2c-809b-20d1b37db684:200933
has_recommended_action,4:96d33a16-3d9f-4d2c-809b-20d1b37db684:59174,4:96d33a16-3d9f-4d2c-809b-20d1b37db684:46986,1,5:96d33a16-3d9f-4d2c-809b-20d1b37db684:200934
has_recommended_action,4:96d33a16-3d9f-4d2c-809b-20d1b37db684:59179,4:96d33a16-3d9f-4d2c-809b-20d1b37db684:25498,1,5:96d33a16-3d9f-4d2c-809b-20d1b37db684:200936
has_recommended_action,4:96d33a16-3d9f-4d2c-809b-20d1b37db684:59182,4:96d33a16-3d9f-4d2c-809b-20d1b37db684:25498,1,5:96d33a16-3d9f-4d2c-809b-20d1b37db684:200940
has_recommended_action,4:96d33a16-3d9f-4d2c-809b-20d1b37db684:59182,4:96d33a16-3d9f-4d2c-809b-20d1b37db684:25512,1,5:96d33a16-3d9f-4d2c-809b-20d1b37db684:200942
has_recommended_action,4:96d33a16-3d9f-4d2c-809b-20d1b37db684:59194,4:96d33a16-3d9f-4d2c-809b-20d1b37db684:25498,1,5:96d33a16-3d9f-4d2c-809b-20d1b37db684:200951
has_recommended_action,4:96d33a16-3d9f-4d2c-809b-20d1b37db684:59194,4:96d33a16-3d9f-4d2c-809b-20d1b37db684:36850,1,5:96d33a16-3d9f-4d2c-809b-20d1b37db684:200954
has_recommended_action,4:96d33a16-3d9f-4d2c-809b-20d1b37db684:59195,4:96d33a16-3d9f-4d2c-809b-20d1b37db684:25498,1,5:96d33a16-3d9f-4d2c-809b-20d1b37db684:200956
has_recommended_action,4:96d33a16-3d9f-4d2c-809b-20d1b37db684:59201,4:96d33a16-3d9f-4d2c-809b-20d1b37db684:25498,1,5:96d33a16-3d9f-4d2c-809b-20d1b37db684:200958
has_recommended_action,4:96d33a16-3d9f-4d2c-809b-20d1b37db684:59203,4:96d33a16-3d9f-4d2c-809b-20d1b37db684:25498,1,5:96d33a16-3d9f-4d2c-809b-20d1b37db684:200959
has_recommended_action,4:96d33a16-3d9f-4d2c-809b-20d1b37db684:59204,4:96d33a16-3d9f-4d2c-809b-20d1b37db684:25498,1,5:96d33a16-3d9f-4d2c-809b-20d1b37db684:200960
has_recommended_action,4:96d33a16-3d9f-4d2c-809b-20d1b37db684:59205,4:96d33a16-3d9f-4d2c-809b-20d1b37db684:25696,1,5:96d33a16-3d9f-4d2c-809b-20d1b37db684:200962
has_recommended_action,4:96d33a16-3d9f-4d2c-809b-20d1b37db684:59207,4:96d33a16-3d9f-4d2c-809b-20d1b37db684:36850,1,5:96d33a16-3d9f-4d2c-809b-20d1b37db684:200964
has_recommended_action,4:96d33a16-3d9f-4d2c-809b-20d1b37db684:59207,4:96d33a16-3d9f-4d2c-809b-20d1b37db684:25696,1,5:96d33a16-3d9f-4d2c-809b-20d1b37db684:200966
has_recommended_action,4:96d33a16-3d9f-4d2c-809b-20d1b37db684:59207,4:96d33a16-3d9f-4d2c-809b-20d1b37db684:46986,1,5:96d33a16-3d9f-4d2c-809b-20d1b37db684:200967
has_recommended_action,4:96d33a16-3d9f-4d2c-809b-20d1b37db684:59212,4:96d33a16-3d9f-4d2c-809b-20d1b37db684:25696,1,5:96d33a16-3d9f-4d2c-809b-20d1b37db684:200973
has_recommended_action,4:96d33a16-3d9f-4d2c-809b-20d1b37db684:59219,4:96d33a16-3d9f-4d2c-809b-20d1b37db684:25498,1,5:96d33a16-3d9f-4d2c-809b-20d1b37db684:200977
has_recommended_action,4:96d33a16-3d9f-4d2c-809b-20d1b37db684:59228,4:96d33a16-3d9f-4d2c-809b-20d1b37db684:25498,1,5:96d33a16-3d9f-4d2c-809b-20d1b37db684:200981
has_recommended_action,4:96d33a16-3d9f-4d2c-809b-20d1b37db684:59231,4:96d33a16-3d9f-4d2c-809b-20d1b37db684:25696,1,5:96d33a16-3d9f-4d2c-809b-20d1b37db684:200986
has_recommended_action,4:96d33a16-3d9f-4d2c-809b-20d1b37db684:59231,4:96d33a16-3d9f-4d2c-809b-20d1b37db684:46986,1,5:96d33a16-3d9f-4d2c-809b-20d1b37db684:200987
has_recommended_action,4:96d33a16-3d9f-4d2c-809b-20d1b37db684:59233,4:96d33a16-3d9f-4d2c-809b-20d1b37db684:25498,1,5:96d33a16-3d9f-4d2c-809b-20d1b37db684:200990
has_recommended_action,4:96d33a16-3d9f-4d2c-809b-20d1b37db684:59233,4:96d33a16-3d9f-4d2c-809b-20d1b37db684:25696,1,5:96d33a16-3d9f-4d2c-809b-20d1b37db684:200993
has_recommended_action,4:96d33a16-3d9f-4d2c-809b-20d1b37db684:59238,4:96d33a16-3d9f-4d2c-809b-20d1b37db684:25498,1,5:96d33a16-3d9f-4d2c-809b-20d1b37db684:200997
has_recommended_action,4:96d33a16-3d9f-4d2c-809b-20d1b37db684:59240,4:96d33a16-3d9f-4d2c-809b-20d1b37db684:25498,1,5:96d33a16-3d9f-4d2c-809b-20d1b37db684:200998
has_recommended_action,4:96d33a16-3d9f-4d2c-809b-20d1b37db684:59240,4:96d33a16-3d9f-4d2c-809b-20d1b37db684:25512,1,5:96d33a16-3d9f-4d2c-809b-20d1b37db684:201000
has_recommended_action,4:96d33a16-3d9f-4d2c-809b-20d1b37db684:59240,4:96d33a16-3d9f-4d2c-809b-20d1b37db684:36850,1,5:96d33a16-3d9f-4d2c-809b-20d1b37db684:201001
has_recommended_action,4:96d33a16-3d9f-4d2c-809b-20d1b37db684:59251,4:96d33a16-3d9f-4d2c-809b-20d1b37db684:46986,1,5:96d33a16-3d9f-4d2c-809b-20d1b37db684:201011
has_recommended_action,4:96d33a16-3d9f-4d2c-809b-20d1b37db684:59254,4:96d33a16-3d9f-4d2c-809b-20d1b37db684:25512,1,5:96d33a16-3d9f-4d2c-809b-20d1b37db684:201013
has_recommended_action,4:96d33a16-3d9f-4d2c-809b-20d1b37db684:59255,4:96d33a16-3d9f-4d2c-809b-20d1b37db684:25498,1,5:96d33a16-3d9f-4d2c-809b-20d1b37db684:201015
has_recommended_action,4:96d33a16-3d9f-4d2c-809b-20d1b37db684:59270,4:96d33a16-3d9f-4d2c-809b-20d1b37db684:36850,1,5:96d33a16-3d9f-4d2c-809b-20d1b37db684:201026
has_recommended_action,4:96d33a16-3d9f-4d2c-809b-20d1b37db684:59291,4:96d33a16-3d9f-4d2c-809b-20d1b37db684:25498,1,5:96d33a16-3d9f-4d2c-809b-20d1b37db684:201035
has_recommended_action,4:96d33a16-3d9f-4d2c-809b-20d1b37db684:59293,4:96d33a16-3d9f-4d2c-809b-20d1b37db684:25696,1,5:96d33a16-3d9f-4d2c-809b-20d1b37db684:201037
has_recommended_action,4:96d33a16-3d9f-4d2c-809b-20d1b37db684:59303,4:96d33a16-3d9f-4d2c-809b-20d1b37db684:25512,1,5:96d33a16-3d9f-4d2c-809b-20d1b37db684:201045
has_recommended_action,4:96d33a16-3d9f-4d2c-809b-20d1b37db684:59314,4:96d33a16-3d9f-4d2c-809b-20d1b37db684:25498,1,5:96d33a16-3d9f-4d2c-809b-20d1b37db684:201050
has_recommended_action,4:96d33a16-3d9f-4d2c-809b-20d1b37db684:59314,4:96d33a16-3d9f-4d2c-809b-20d1b37db684:25696,1,5:96d33a16-3d9f-4d2c-809b-20d1b37db684:201053
has_recommended_action,4:96d33a16-3d9f-4d2c-809b-20d1b37db684:59314,4:96d33a16-3d9f-4d2c-809b-20d1b37db684:46986,1,5:96d33a16-3d9f-4d2c-809b-20d1b37db684:201054
has_recommended_action,4:96d33a16-3d9f-4d2c-809b-20d1b37db684:59323,4:96d33a16-3d9f-4d2c-809b-20d1b37db684:25498,1,5:96d33a16-3d9f-4d2c-809b-20d1b37db684:201061
has_recommended_action,4:96d33a16-3d9f-4d2c-809b-20d1b37db684:59323,4:96d33a16-3d9f-4d2c-809b-20d1b37db684:25512,1,5:96d33a16-3d9f-4d2c-809b-20d1b37db684:201063
has_recommended_action,4:96d33a16-3d9f-4d2c-809b-20d1b37db684:59323,4:96d33a16-3d9f-4d2c-809b-20d1b37db684:36850,1,5:96d33a16-3d9f-4d2c-809b-20d1b37db684:201064
has_recommended_action,4:96d33a16-3d9f-4d2c-809b-20d1b37db684:59326,4:96d33a16-3d9f-4d2c-809b-20d1b37db684:46986,1,5:96d33a16-3d9f-4d2c-809b-20d1b37db684:201067
has_recommended_action,4:96d33a16-3d9f-4d2c-809b-20d1b37db684:59338,4:96d33a16-3d9f-4d2c-809b-20d1b37db684:25512,1,5:96d33a16-3d9f-4d2c-809b-20d1b37db684:201071
has_recommended_action,4:96d33a16-3d9f-4d2c-809b-20d1b37db684:59341,4:96d33a16-3d9f-4d2c-809b-20d1b37db684:25498,1,5:96d33a16-3d9f-4d2c-809b-20d1b37db684:201075
has_recommended_action,4:96d33a16-3d9f-4d2c-809b-20d1b37db684:59341,4:96d33a16-3d9f-4d2c-809b-20d1b37db684:25512,1,5:96d33a16-3d9f-4d2c-809b-20d1b37db684:201076
has_recommended_action,4:96d33a16-3d9f-4d2c-809b-20d1b37db684:59344,4:96d33a16-3d9f-4d2c-809b-20d1b37db684:25498,1,5:96d33a16-3d9f-4d2c-809b-20d1b37db684:201077
has_recommended_action,4:96d33a16-3d9f-4d2c-809b-20d1b37db684:59344,4:96d33a16-3d9f-4d2c-809b-20d1b37db684:46986,1,5:96d33a16-3d9f-4d2c-809b-20d1b37db684:201080
has_recommended_action,4:96d33a16-3d9f-4d2c-809b-20d1b37db684:59346,4:96d33a16-3d9f-4d2c-809b-20d1b37db684:25696,1,5:96d33a16-3d9f-4d2c-809b-20d1b37db684:201082
has_recommended_action,4:96d33a16-3d9f-4d2c-809b-20d1b37db684:59347,4:96d33a16-3d9f-4d2c-809b-20d1b37db684:25512,1,5:96d33a16-3d9f-4d2c-809b-20d1b37db684:201083
has_recommended_action,4:96d33a16-3d9f-4d2c-809b-20d1b37db684:59351,4:96d33a16-3d9f-4d2c-809b-20d1b37db684:25498,1,5:96d33a16-3d9f-4d2c-809b-20d1b37db684:201084
has_recommended_action,4:96d33a16-3d9f-4d2c-809b-20d1b37db684:59352,4:96d33a16-3d9f-4d2c-809b-20d1b37db684:25498,1,5:96d33a16-3d9f-4d2c-809b-20d1b37db684:201085
has_recommended_action,4:96d33a16-3d9f-4d2c-809b-20d1b37db684:59355,4:96d33a16-3d9f-4d2c-809b-20d1b37db684:25498,1,5:96d33a16-3d9f-4d2c-809b-20d1b37db684:201087
has_recommended_action,4:96d33a16-3d9f-4d2c-809b-20d1b37db684:59356,4:96d33a16-3d9f-4d2c-809b-20d1b37db684:36850,1,5:96d33a16-3d9f-4d2c-809b-20d1b37db684:201089
has_recommended_action,4:96d33a16-3d9f-4d2c-809b-20d1b37db684:59358,4:96d33a16-3d9f-4d2c-809b-20d1b37db684:25512,1,5:96d33a16-3d9f-4d2c-809b-20d1b37db684:201095
has_recommended_action,4:96d33a16-3d9f-4d2c-809b-20d1b37db684:59364,4:96d33a16-3d9f-4d2c-809b-20d1b37db684:25696,1,5:96d33a16-3d9f-4d2c-809b-20d1b37db684:201100
has_recommended_action,4:96d33a16-3d9f-4d2c-809b-20d1b37db684:59366,4:96d33a16-3d9f-4d2c-809b-20d1b37db684:25498,1,5:96d33a16-3d9f-4d2c-809b-20d1b37db684:201101
has_recommended_action,4:96d33a16-3d9f-4d2c-809b-20d1b37db684:59368,4:96d33a16-3d9f-4d2c-809b-20d1b37db684:25512,1,5:96d33a16-3d9f-4d2c-809b-20d1b37db684:201104
has_recommended_action,4:96d33a16-3d9f-4d2c-809b-20d1b37db684:59368,4:96d33a16-3d9f-4d2c-809b-20d1b37db684:25696,1,5:96d33a16-3d9f-4d2c-809b-20d1b37db684:201106
has_recommended_action,4:96d33a16-3d9f-4d2c-809b-20d1b37db684:59369,4:96d33a16-3d9f-4d2c-809b-20d1b37db684:25498,1,5:96d33a16-3d9f-4d2c-809b-20d1b37db684:201107
has_recommended_action,4:96d33a16-3d9f-4d2c-809b-20d1b37db684:59370,4:96d33a16-3d9f-4d2c-809b-20d1b37db684:25512,1,5:96d33a16-3d9f-4d2c-809b-20d1b37db684:201109
has_recommended_action,4:96d33a16-3d9f-4d2c-809b-20d1b37db684:59373,4:96d33a16-3d9f-4d2c-809b-20d1b37db684:25696,1,5:96d33a16-3d9f-4d2c-809b-20d1b37db684:201114
has_recommended_action,4:96d33a16-3d9f-4d2c-809b-20d1b37db684:59375,4:96d33a16-3d9f-4d2c-809b-20d1b37db684:25498,1,5:96d33a16-3d9f-4d2c-809b-20d1b37db684:201115
has_recommended_action,4:96d33a16-3d9f-4d2c-809b-20d1b37db684:59375,4:96d33a16-3d9f-4d2c-809b-20d1b37db684:36850,1,5:96d33a16-3d9f-4d2c-809b-20d1b37db684:201116
has_recommended_action,4:96d33a16-3d9f-4d2c-809b-20d1b37db684:59376,4:96d33a16-3d9f-4d2c-809b-20d1b37db684:25512,1,5:96d33a16-3d9f-4d2c-809b-20d1b37db684:201118
has_recommended_action,4:96d33a16-3d9f-4d2c-809b-20d1b37db684:59378,4:96d33a16-3d9f-4d2c-809b-20d1b37db684:25512,1,5:96d33a16-3d9f-4d2c-809b-20d1b37db684:201120
has_recommended_action,4:96d33a16-3d9f-4d2c-809b-20d1b37db684:59379,4:96d33a16-3d9f-4d2c-809b-20d1b37db684:25512,1,5:96d33a16-3d9f-4d2c-809b-20d1b37db684:201122
has_recommended_action,4:96d33a16-3d9f-4d2c-809b-20d1b37db684:59381,4:96d33a16-3d9f-4d2c-809b-20d1b37db684:25498,1,5:96d33a16-3d9f-4d2c-809b-20d1b37db684:201124
has_recommended_action,4:96d33a16-3d9f-4d2c-809b-20d1b37db684:59381,4:96d33a16-3d9f-4d2c-809b-20d1b37db684:25696,1,5:96d33a16-3d9f-4d2c-809b-20d1b37db684:201127
has_recommended_action,4:96d33a16-3d9f-4d2c-809b-20d1b37db684:59384,4:96d33a16-3d9f-4d2c-809b-20d1b37db684:25696,1,5:96d33a16-3d9f-4d2c-809b-20d1b37db684:201131
has_recommended_action,4:96d33a16-3d9f-4d2c-809b-20d1b37db684:59385,4:96d33a16-3d9f-4d2c-809b-20d1b37db684:25696,1,5:96d33a16-3d9f-4d2c-809b-20d1b37db684:201133
has_recommended_action,4:96d33a16-3d9f-4d2c-809b-20d1b37db684:59385,4:96d33a16-3d9f-4d2c-809b-20d1b37db684:46986,1,5:96d33a16-3d9f-4d2c-809b-20d1b37db684:201134
has_recommended_action,4:96d33a16-3d9f-4d2c-809b-20d1b37db684:59388,4:96d33a16-3d9f-4d2c-809b-20d1b37db684:25498,1,5:96d33a16-3d9f-4d2c-809b-20d1b37db684:201137
has_recommended_action,4:96d33a16-3d9f-4d2c-809b-20d1b37db684:59392,4:96d33a16-3d9f-4d2c-809b-20d1b37db684:25512,1,5:96d33a16-3d9f-4d2c-809b-20d1b37db684:201140
has_recommended_action,4:96d33a16-3d9f-4d2c-809b-20d1b37db684:59392,4:96d33a16-3d9f-4d2c-809b-20d1b37db684:36850,1,5:96d33a16-3d9f-4d2c-809b-20d1b37db684:201144
has_recommended_action,4:96d33a16-3d9f-4d2c-809b-20d1b37db684:59398,4:96d33a16-3d9f-4d2c-809b-20d1b37db684:25498,1,5:96d33a16-3d9f-4d2c-809b-20d1b37db684:201148
has_recommended_action,4:96d33a16-3d9f-4d2c-809b-20d1b37db684:59398,4:96d33a16-3d9f-4d2c-809b-20d1b37db684:36850,1,5:96d33a16-3d9f-4d2c-809b-20d1b37db684:201151
has_recommended_action,4:96d33a16-3d9f-4d2c-809b-20d1b37db684:59399,4:96d33a16-3d9f-4d2c-809b-20d1b37db684:25512,1,5:96d33a16-3d9f-4d2c-809b-20d1b37db684:201153
has_recommended_action,4:96d33a16-3d9f-4d2c-809b-20d1b37db684:59408,4:96d33a16-3d9f-4d2c-809b-20d1b37db684:25512,1,5:96d33a16-3d9f-4d2c-809b-20d1b37db684:201158
has_recommended_action,4:96d33a16-3d9f-4d2c-809b-20d1b37db684:59409,4:96d33a16-3d9f-4d2c-809b-20d1b37db684:25498,1,5:96d33a16-3d9f-4d2c-809b-20d1b37db684:201159
has_recommended_action,4:96d33a16-3d9f-4d2c-809b-20d1b37db684:59410,4:96d33a16-3d9f-4d2c-809b-20d1b37db684:25498,1,5:96d33a16-3d9f-4d2c-809b-20d1b37db684:201160
has_recommended_action,4:96d33a16-3d9f-4d2c-809b-20d1b37db684:59427,4:96d33a16-3d9f-4d2c-809b-20d1b37db684:36850,1,5:96d33a16-3d9f-4d2c-809b-20d1b37db684:201173
has_recommended_action,4:96d33a16-3d9f-4d2c-809b-20d1b37db684:59429,4:96d33a16-3d9f-4d2c-809b-20d1b37db684:25498,1,5:96d33a16-3d9f-4d2c-809b-20d1b37db684:201175
has_recommended_action,4:96d33a16-3d9f-4d2c-809b-20d1b37db684:59430,4:96d33a16-3d9f-4d2c-809b-20d1b37db684:25498,1,5:96d33a16-3d9f-4d2c-809b-20d1b37db684:201176
has_recommended_action,4:96d33a16-3d9f-4d2c-809b-20d1b37db684:59435,4:96d33a16-3d9f-4d2c-809b-20d1b37db684:25498,1,5:96d33a16-3d9f-4d2c-809b-20d1b37db684:201179
has_recommended_action,4:96d33a16-3d9f-4d2c-809b-20d1b37db684:59435,4:96d33a16-3d9f-4d2c-809b-20d1b37db684:25512,1,5:96d33a16-3d9f-4d2c-809b-20d1b37db684:201181
has_recommended_action,4:96d33a16-3d9f-4d2c-809b-20d1b37db684:59435,4:96d33a16-3d9f-4d2c-809b-20d1b37db684:36850,1,5:96d33a16-3d9f-4d2c-809b-20d1b37db684:201182
has_recommended_action,4:96d33a16-3d9f-4d2c-809b-20d1b37db684:59447,4:96d33a16-3d9f-4d2c-809b-20d1b37db684:25498,1,5:96d33a16-3d9f-4d2c-809b-20d1b37db684:201188
has_recommended_action,4:96d33a16-3d9f-4d2c-809b-20d1b37db684:59456,4:96d33a16-3d9f-4d2c-809b-20d1b37db684:25696,1,5:96d33a16-3d9f-4d2c-809b-20d1b37db684:201196
has_recommended_action,4:96d33a16-3d9f-4d2c-809b-20d1b37db684:59459,4:96d33a16-3d9f-4d2c-809b-20d1b37db684:46986,1,5:96d33a16-3d9f-4d2c-809b-20d1b37db684:201199
has_recommended_action,4:96d33a16-3d9f-4d2c-809b-20d1b37db684:59463,4:96d33a16-3d9f-4d2c-809b-20d1b37db684:25498,1,5:96d33a16-3d9f-4d2c-809b-20d1b37db684:201200
has_recommended_action,4:96d33a16-3d9f-4d2c-809b-20d1b37db684:59463,4:96d33a16-3d9f-4d2c-809b-20d1b37db684:51476,1,5:96d33a16-3d9f-4d2c-809b-20d1b37db684:201201
has_recommended_action,4:96d33a16-3d9f-4d2c-809b-20d1b37db684:59463,4:96d33a16-3d9f-4d2c-809b-20d1b37db684:25512,1,5:96d33a16-3d9f-4d2c-809b-20d1b37db684:201203
has_recommended_action,4:96d33a16-3d9f-4d2c-809b-20d1b37db684:59466,4:96d33a16-3d9f-4d2c-809b-20d1b37db684:25498,1,5:96d33a16-3d9f-4d2c-809b-20d1b37db684:201207
has_recommended_action,4:96d33a16-3d9f-4d2c-809b-20d1b37db684:59470,4:96d33a16-3d9f-4d2c-809b-20d1b37db684:25498,1,5:96d33a16-3d9f-4d2c-809b-20d1b37db684:201211
has_recommended_action,4:96d33a16-3d9f-4d2c-809b-20d1b37db684:59470,4:96d33a16-3d9f-4d2c-809b-20d1b37db684:25512,1,5:96d33a16-3d9f-4d2c-809b-20d1b37db684:201213
has_recommended_action,4:96d33a16-3d9f-4d2c-809b-20d1b37db684:59470,4:96d33a16-3d9f-4d2c-809b-20d1b37db684:36850,1,5:96d33a16-3d9f-4d2c-809b-20d1b37db684:201214
has_recommended_action,4:96d33a16-3d9f-4d2c-809b-20d1b37db684:59471,4:96d33a16-3d9f-4d2c-809b-20d1b37db684:25696,1,5:96d33a16-3d9f-4d2c-809b-20d1b37db684:201217
has_recommended_action,4:96d33a16-3d9f-4d2c-809b-20d1b37db684:59477,4:96d33a16-3d9f-4d2c-809b-20d1b37db684:25498,1,5:96d33a16-3d9f-4d2c-809b-20d1b37db684:201222
has_recommended_action,4:96d33a16-3d9f-4d2c-809b-20d1b37db684:59479,4:96d33a16-3d9f-4d2c-809b-20d1b37db684:25512,1,5:96d33a16-3d9f-4d2c-809b-20d1b37db684:201228
has_recommended_action,4:96d33a16-3d9f-4d2c-809b-20d1b37db684:59483,4:96d33a16-3d9f-4d2c-809b-20d1b37db684:25512,1,5:96d33a16-3d9f-4d2c-809b-20d1b37db684:201232
has_recommended_action,4:96d33a16-3d9f-4d2c-809b-20d1b37db684:59486,4:96d33a16-3d9f-4d2c-809b-20d1b37db684:25498,1,5:96d33a16-3d9f-4d2c-809b-20d1b37db684:201233
has_recommended_action,4:96d33a16-3d9f-4d2c-809b-20d1b37db684:59487,4:96d33a16-3d9f-4d2c-809b-20d1b37db684:25498,1,5:96d33a16-3d9f-4d2c-809b-20d1b37db684:201236
has_recommended_action,4:96d33a16-3d9f-4d2c-809b-20d1b37db684:59487,4:96d33a16-3d9f-4d2c-809b-20d1b37db684:25512,1,5:96d33a16-3d9f-4d2c-809b-20d1b37db684:201237
has_recommended_action,4:96d33a16-3d9f-4d2c-809b-20d1b37db684:59502,4:96d33a16-3d9f-4d2c-809b-20d1b37db684:25498,1,5:96d33a16-3d9f-4d2c-809b-20d1b37db684:201246
has_recommended_action,4:96d33a16-3d9f-4d2c-809b-20d1b37db684:59502,4:96d33a16-3d9f-4d2c-809b-20d1b37db684:25512,1,5:96d33a16-3d9f-4d2c-809b-20d1b37db684:201247
has_recommended_action,4:96d33a16-3d9f-4d2c-809b-20d1b37db684:59505,4:96d33a16-3d9f-4d2c-809b-20d1b37db684:25498,1,5:96d33a16-3d9f-4d2c-809b-20d1b37db684:201248
has_recommended_action,4:96d33a16-3d9f-4d2c-809b-20d1b37db684:59510,4:96d33a16-3d9f-4d2c-809b-20d1b37db684:25696,1,5:96d33a16-3d9f-4d2c-809b-20d1b37db684:201252
has_recommended_action,4:96d33a16-3d9f-4d2c-809b-20d1b37db684:59521,4:96d33a16-3d9f-4d2c-809b-20d1b37db684:25498,1,5:96d33a16-3d9f-4d2c-809b-20d1b37db684:201260
has_recommended_action,4:96d33a16-3d9f-4d2c-809b-20d1b37db684:59522,4:96d33a16-3d9f-4d2c-809b-20d1b37db684:25696,1,5:96d33a16-3d9f-4d2c-809b-20d1b37db684:201263
has_recommended_action,4:96d33a16-3d9f-4d2c-809b-20d1b37db684:59526,4:96d33a16-3d9f-4d2c-809b-20d1b37db684:25498,1,5:96d33a16-3d9f-4d2c-809b-20d1b37db684:201267
has_recommended_action,4:96d33a16-3d9f-4d2c-809b-20d1b37db684:59540,4:96d33a16-3d9f-4d2c-809b-20d1b37db684:25696,1,5:96d33a16-3d9f-4d2c-809b-20d1b37db684:201274
has_recommended_action,4:96d33a16-3d9f-4d2c-809b-20d1b37db684:59543,4:96d33a16-3d9f-4d2c-809b-20d1b37db684:25696,1,5:96d33a16-3d9f-4d2c-809b-20d1b37db684:201277
has_recommended_action,4:96d33a16-3d9f-4d2c-809b-20d1b37db684:59544,4:96d33a16-3d9f-4d2c-809b-20d1b37db684:25498,1,5:96d33a16-3d9f-4d2c-809b-20d1b37db684:201278
has_recommended_action,4:96d33a16-3d9f-4d2c-809b-20d1b37db684:59545,4:96d33a16-3d9f-4d2c-809b-20d1b37db684:51476,1,5:96d33a16-3d9f-4d2c-809b-20d1b37db684:201281
has_recommended_action,4:96d33a16-3d9f-4d2c-809b-20d1b37db684:59548,4:96d33a16-3d9f-4d2c-809b-20d1b37db684:36850,1,5:96d33a16-3d9f-4d2c-809b-20d1b37db684:201282
has_recommended_action,4:96d33a16-3d9f-4d2c-809b-20d1b37db684:59552,4:96d33a16-3d9f-4d2c-809b-20d1b37db684:25498,1,5:96d33a16-3d9f-4d2c-809b-20d1b37db684:201284
has_recommended_action,4:96d33a16-3d9f-4d2c-809b-20d1b37db684:59555,4:96d33a16-3d9f-4d2c-809b-20d1b37db684:46986,1,5:96d33a16-3d9f-4d2c-809b-20d1b37db684:201286
has_recommended_action,4:96d33a16-3d9f-4d2c-809b-20d1b37db684:59558,4:96d33a16-3d9f-4d2c-809b-20d1b37db684:25498,1,5:96d33a16-3d9f-4d2c-809b-20d1b37db684:201289
has_recommended_action,4:96d33a16-3d9f-4d2c-809b-20d1b37db684:59561,4:96d33a16-3d9f-4d2c-809b-20d1b37db684:25696,1,5:96d33a16-3d9f-4d2c-809b-20d1b37db684:201291
has_recommended_action,4:96d33a16-3d9f-4d2c-809b-20d1b37db684:59562,4:96d33a16-3d9f-4d2c-809b-20d1b37db684:36850,1,5:96d33a16-3d9f-4d2c-809b-20d1b37db684:201293
has_recommended_action,4:96d33a16-3d9f-4d2c-809b-20d1b37db684:59562,4:96d33a16-3d9f-4d2c-809b-20d1b37db684:25696,1,5:96d33a16-3d9f-4d2c-809b-20d1b37db684:201295
has_recommended_action,4:96d33a16-3d9f-4d2c-809b-20d1b37db684:59564,4:96d33a16-3d9f-4d2c-809b-20d1b37db684:25498,1,5:96d33a16-3d9f-4d2c-809b-20d1b37db684:201296
has_recommended_action,4:96d33a16-3d9f-4d2c-809b-20d1b37db684:59570,4:96d33a16-3d9f-4d2c-809b-20d1b37db684:36850,1,5:96d33a16-3d9f-4d2c-809b-20d1b37db684:201298
has_recommended_action,4:96d33a16-3d9f-4d2c-809b-20d1b37db684:59571,4:96d33a16-3d9f-4d2c-809b-20d1b37db684:25512,1,5:96d33a16-3d9f-4d2c-809b-20d1b37db684:201301
has_recommended_action,4:96d33a16-3d9f-4d2c-809b-20d1b37db684:59576,4:96d33a16-3d9f-4d2c-809b-20d1b37db684:36850,1,5:96d33a16-3d9f-4d2c-809b-20d1b37db684:201303
has_recommended_action,4:96d33a16-3d9f-4d2c-809b-20d1b37db684:59583,4:96d33a16-3d9f-4d2c-809b-20d1b37db684:36850,1,5:96d33a16-3d9f-4d2c-809b-20d1b37db684:201307
has_recommended_action,4:96d33a16-3d9f-4d2c-809b-20d1b37db684:59584,4:96d33a16-3d9f-4d2c-809b-20d1b37db684:25498,1,5:96d33a16-3d9f-4d2c-809b-20d1b37db684:201309
has_recommended_action,4:96d33a16-3d9f-4d2c-809b-20d1b37db684:59588,4:96d33a16-3d9f-4d2c-809b-20d1b37db684:25696,1,5:96d33a16-3d9f-4d2c-809b-20d1b37db684:201316
has_recommended_action,4:96d33a16-3d9f-4d2c-809b-20d1b37db684:59589,4:96d33a16-3d9f-4d2c-809b-20d1b37db684:25498,1,5:96d33a16-3d9f-4d2c-809b-20d1b37db684:201317
has_recommended_action,4:96d33a16-3d9f-4d2c-809b-20d1b37db684:59590,4:96d33a16-3d9f-4d2c-809b-20d1b37db684:25512,1,5:96d33a16-3d9f-4d2c-809b-20d1b37db684:201318
has_recommended_action,4:96d33a16-3d9f-4d2c-809b-20d1b37db684:59597,4:96d33a16-3d9f-4d2c-809b-20d1b37db684:25498,1,5:96d33a16-3d9f-4d2c-809b-20d1b37db684:201324
has_recommended_action,4:96d33a16-3d9f-4d2c-809b-20d1b37db684:59599,4:96d33a16-3d9f-4d2c-809b-20d1b37db684:25498,1,5:96d33a16-3d9f-4d2c-809b-20d1b37db684:201327
has_recommended_action,4:96d33a16-3d9f-4d2c-809b-20d1b37db684:59606,4:96d33a16-3d9f-4d2c-809b-20d1b37db684:25696,1,5:96d33a16-3d9f-4d2c-809b-20d1b37db684:201333
has_recommended_action,4:96d33a16-3d9f-4d2c-809b-20d1b37db684:59607,4:96d33a16-3d9f-4d2c-809b-20d1b37db684:25498,1,5:96d33a16-3d9f-4d2c-809b-20d1b37db684:201334
has_recommended_action,4:96d33a16-3d9f-4d2c-809b-20d1b37db684:59609,4:96d33a16-3d9f-4d2c-809b-20d1b37db684:25498,1,5:96d33a16-3d9f-4d2c-809b-20d1b37db684:201338
has_recommended_action,4:96d33a16-3d9f-4d2c-809b-20d1b37db684:59609,4:96d33a16-3d9f-4d2c-809b-20d1b37db684:25696,1,5:96d33a16-3d9f-4d2c-809b-20d1b37db684:201341
has_recommended_action,4:96d33a16-3d9f-4d2c-809b-20d1b37db684:59609,4:96d33a16-3d9f-4d2c-809b-20d1b37db684:46986,1,5:96d33a16-3d9f-4d2c-809b-20d1b37db684:201342
has_recommended_action,4:96d33a16-3d9f-4d2c-809b-20d1b37db684:59614,4:96d33a16-3d9f-4d2c-809b-20d1b37db684:25498,1,5:96d33a16-3d9f-4d2c-809b-20d1b37db684:201345
has_recommended_action,4:96d33a16-3d9f-4d2c-809b-20d1b37db684:59619,4:96d33a16-3d9f-4d2c-809b-20d1b37db684:25696,1,5:96d33a16-3d9f-4d2c-809b-20d1b37db684:201353
has_recommended_action,4:96d33a16-3d9f-4d2c-809b-20d1b37db684:59622,4:96d33a16-3d9f-4d2c-809b-20d1b37db684:25498,1,5:96d33a16-3d9f-4d2c-809b-20d1b37db684:201354
has_recommended_action,4:96d33a16-3d9f-4d2c-809b-20d1b37db684:59622,4:96d33a16-3d9f-4d2c-809b-20d1b37db684:25512,1,5:96d33a16-3d9f-4d2c-809b-20d1b37db684:201355
has_recommended_action,4:96d33a16-3d9f-4d2c-809b-20d1b37db684:59623,4:96d33a16-3d9f-4d2c-809b-20d1b37db684:25696,1,5:96d33a16-3d9f-4d2c-809b-20d1b37db684:201358
has_recommended_action,4:96d33a16-3d9f-4d2c-809b-20d1b37db684:59626,4:96d33a16-3d9f-4d2c-809b-20d1b37db684:25696,1,5:96d33a16-3d9f-4d2c-809b-20d1b37db684:201365
has_recommended_action,4:96d33a16-3d9f-4d2c-809b-20d1b37db684:59627,4:96d33a16-3d9f-4d2c-809b-20d1b37db684:36850,1,5:96d33a16-3d9f-4d2c-809b-20d1b37db684:201366
has_recommended_action,4:96d33a16-3d9f-4d2c-809b-20d1b37db684:59629,4:96d33a16-3d9f-4d2c-809b-20d1b37db684:25512,1,5:96d33a16-3d9f-4d2c-809b-20d1b37db684:201368
has_recommended_action,4:96d33a16-3d9f-4d2c-809b-20d1b37db684:59629,4:96d33a16-3d9f-4d2c-809b-20d1b37db684:25696,1,5:96d33a16-3d9f-4d2c-809b-20d1b37db684:201370
has_recommended_action,4:96d33a16-3d9f-4d2c-809b-20d1b37db684:59637,4:96d33a16-3d9f-4d2c-809b-20d1b37db684:25696,1,5:96d33a16-3d9f-4d2c-809b-20d1b37db684:201374
has_recommended_action,4:96d33a16-3d9f-4d2c-809b-20d1b37db684:59646,4:96d33a16-3d9f-4d2c-809b-20d1b37db684:25498,1,5:96d33a16-3d9f-4d2c-809b-20d1b37db684:201378
has_recommended_action,4:96d33a16-3d9f-4d2c-809b-20d1b37db684:59648,4:96d33a16-3d9f-4d2c-809b-20d1b37db684:25498,1,5:96d33a16-3d9f-4d2c-809b-20d1b37db684:201380
has_recommended_action,4:96d33a16-3d9f-4d2c-809b-20d1b37db684:59648,4:96d33a16-3d9f-4d2c-809b-20d1b37db684:25512,1,5:96d33a16-3d9f-4d2c-809b-20d1b37db684:201382
has_recommended_action,4:96d33a16-3d9f-4d2c-809b-20d1b37db684:59649,4:96d33a16-3d9f-4d2c-809b-20d1b37db684:25512,1,5:96d33a16-3d9f-4d2c-809b-20d1b37db684:201384
has_recommended_action,4:96d33a16-3d9f-4d2c-809b-20d1b37db684:59650,4:96d33a16-3d9f-4d2c-809b-20d1b37db684:25498,1,5:96d33a16-3d9f-4d2c-809b-20d1b37db684:201385
has_recommended_action,4:96d33a16-3d9f-4d2c-809b-20d1b37db684:59650,4:96d33a16-3d9f-4d2c-809b-20d1b37db684:51476,1,5:96d33a16-3d9f-4d2c-809b-20d1b37db684:201386
has_recommended_action,4:96d33a16-3d9f-4d2c-809b-20d1b37db684:59650,4:96d33a16-3d9f-4d2c-809b-20d1b37db684:25512,1,5:96d33a16-3d9f-4d2c-809b-20d1b37db684:201388
has_recommended_action,4:96d33a16-3d9f-4d2c-809b-20d1b37db684:59656,4:96d33a16-3d9f-4d2c-809b-20d1b37db684:25498,1,5:96d33a16-3d9f-4d2c-809b-20d1b37db684:201396
has_recommended_action,4:96d33a16-3d9f-4d2c-809b-20d1b37db684:59656,4:96d33a16-3d9f-4d2c-809b-20d1b37db684:25512,1,5:96d33a16-3d9f-4d2c-809b-20d1b37db684:201398
has_recommended_action,4:96d33a16-3d9f-4d2c-809b-20d1b37db684:59659,4:96d33a16-3d9f-4d2c-809b-20d1b37db684:25498,1,5:96d33a16-3d9f-4d2c-809b-20d1b37db684:201402
has_recommended_action,4:96d33a16-3d9f-4d2c-809b-20d1b37db684:59662,4:96d33a16-3d9f-4d2c-809b-20d1b37db684:25498,1,5:96d33a16-3d9f-4d2c-809b-20d1b37db684:201403
has_recommended_action,4:96d33a16-3d9f-4d2c-809b-20d1b37db684:59663,4:96d33a16-3d9f-4d2c-809b-20d1b37db684:25498,1,5:96d33a16-3d9f-4d2c-809b-20d1b37db684:201404
has_recommended_action,4:96d33a16-3d9f-4d2c-809b-20d1b37db684:59681,4:96d33a16-3d9f-4d2c-809b-20d1b37db684:25498,1,5:96d33a16-3d9f-4d2c-809b-20d1b37db684:201412
has_recommended_action,4:96d33a16-3d9f-4d2c-809b-20d1b37db684:59683,4:96d33a16-3d9f-4d2c-809b-20d1b37db684:25696,1,5:96d33a16-3d9f-4d2c-809b-20d1b37db684:201415
has_recommended_action,4:96d33a16-3d9f-4d2c-809b-20d1b37db684:59689,4:96d33a16-3d9f-4d2c-809b-20d1b37db684:25498,1,5:96d33a16-3d9f-4d2c-809b-20d1b37db684:201422
has_recommended_action,4:96d33a16-3d9f-4d2c-809b-20d1b37db684:59693,4:96d33a16-3d9f-4d2c-809b-20d1b37db684:25512,1,5:96d33a16-3d9f-4d2c-809b-20d1b37db684:201424
has_recommended_action,4:96d33a16-3d9f-4d2c-809b-20d1b37db684:59700,4:96d33a16-3d9f-4d2c-809b-20d1b37db684:25498,1,5:96d33a16-3d9f-4d2c-809b-20d1b37db684:201427
has_recommended_action,4:96d33a16-3d9f-4d2c-809b-20d1b37db684:59704,4:96d33a16-3d9f-4d2c-809b-20d1b37db684:25498,1,5:96d33a16-3d9f-4d2c-809b-20d1b37db684:201440
has_recommended_action,4:96d33a16-3d9f-4d2c-809b-20d1b37db684:59710,4:96d33a16-3d9f-4d2c-809b-20d1b37db684:25696,1,5:96d33a16-3d9f-4d2c-809b-20d1b37db684:201455
has_recommended_action,4:96d33a16-3d9f-4d2c-809b-20d1b37db684:59712,4:96d33a16-3d9f-4d2c-809b-20d1b37db684:25498,1,5:96d33a16-3d9f-4d2c-809b-20d1b37db684:201456
has_recommended_action,4:96d33a16-3d9f-4d2c-809b-20d1b37db684:59722,4:96d33a16-3d9f-4d2c-809b-20d1b37db684:25512,1,5:96d33a16-3d9f-4d2c-809b-20d1b37db684:201470
has_recommended_action,4:96d33a16-3d9f-4d2c-809b-20d1b37db684:59726,4:96d33a16-3d9f-4d2c-809b-20d1b37db684:25498,1,5:96d33a16-3d9f-4d2c-809b-20d1b37db684:201472
has_recommended_action,4:96d33a16-3d9f-4d2c-809b-20d1b37db684:59726,4:96d33a16-3d9f-4d2c-809b-20d1b37db684:25696,1,5:96d33a16-3d9f-4d2c-809b-20d1b37db684:201475
has_recommended_action,4:96d33a16-3d9f-4d2c-809b-20d1b37db684:59726,4:96d33a16-3d9f-4d2c-809b-20d1b37db684:46986,1,5:96d33a16-3d9f-4d2c-809b-20d1b37db684:201476
has_recommended_action,4:96d33a16-3d9f-4d2c-809b-20d1b37db684:59729,4:96d33a16-3d9f-4d2c-809b-20d1b37db684:25696,1,5:96d33a16-3d9f-4d2c-809b-20d1b37db684:201480
has_recommended_action,4:96d33a16-3d9f-4d2c-809b-20d1b37db684:59740,4:96d33a16-3d9f-4d2c-809b-20d1b37db684:25498,1,5:96d33a16-3d9f-4d2c-809b-20d1b37db684:201485
has_recommended_action,4:96d33a16-3d9f-4d2c-809b-20d1b37db684:59744,4:96d33a16-3d9f-4d2c-809b-20d1b37db684:25696,1,5:96d33a16-3d9f-4d2c-809b-20d1b37db684:201488
has_recommended_action,4:96d33a16-3d9f-4d2c-809b-20d1b37db684:59744,4:96d33a16-3d9f-4d2c-809b-20d1b37db684:46986,1,5:96d33a16-3d9f-4d2c-809b-20d1b37db684:201489
has_recommended_action,4:96d33a16-3d9f-4d2c-809b-20d1b37db684:59746,4:96d33a16-3d9f-4d2c-809b-20d1b37db684:25498,1,5:96d33a16-3d9f-4d2c-809b-20d1b37db684:201491
has_recommended_action,4:96d33a16-3d9f-4d2c-809b-20d1b37db684:59748,4:96d33a16-3d9f-4d2c-809b-20d1b37db684:25498,1,5:96d33a16-3d9f-4d2c-809b-20d1b37db684:201492
has_recommended_action,4:96d33a16-3d9f-4d2c-809b-20d1b37db684:59749,4:96d33a16-3d9f-4d2c-809b-20d1b37db684:25498,1,5:96d33a16-3d9f-4d2c-809b-20d1b37db684:201493
has_recommended_action,4:96d33a16-3d9f-4d2c-809b-20d1b37db684:59755,4:96d33a16-3d9f-4d2c-809b-20d1b37db684:25696,1,5:96d33a16-3d9f-4d2c-809b-20d1b37db684:201496
has_recommended_action,4:96d33a16-3d9f-4d2c-809b-20d1b37db684:59757,4:96d33a16-3d9f-4d2c-809b-20d1b37db684:25498,1,5:96d33a16-3d9f-4d2c-809b-20d1b37db684:201497
has_recommended_action,4:96d33a16-3d9f-4d2c-809b-20d1b37db684:59760,4:96d33a16-3d9f-4d2c-809b-20d1b37db684:46986,1,5:96d33a16-3d9f-4d2c-809b-20d1b37db684:201504
has_recommended_action,4:96d33a16-3d9f-4d2c-809b-20d1b37db684:59763,4:96d33a16-3d9f-4d2c-809b-20d1b37db684:25498,1,5:96d33a16-3d9f-4d2c-809b-20d1b37db684:201508
has_recommended_action,4:96d33a16-3d9f-4d2c-809b-20d1b37db684:59763,4:96d33a16-3d9f-4d2c-809b-20d1b37db684:25512,1,5:96d33a16-3d9f-4d2c-809b-20d1b37db684:201510
has_recommended_action,4:96d33a16-3d9f-4d2c-809b-20d1b37db684:59767,4:96d33a16-3d9f-4d2c-809b-20d1b37db684:25498,1,5:96d33a16-3d9f-4d2c-809b-20d1b37db684:201515
has_recommended_action,4:96d33a16-3d9f-4d2c-809b-20d1b37db684:59769,4:96d33a16-3d9f-4d2c-809b-20d1b37db684:25696,1,5:96d33a16-3d9f-4d2c-809b-20d1b37db684:201518
has_recommended_action,4:96d33a16-3d9f-4d2c-809b-20d1b37db684:59772,4:96d33a16-3d9f-4d2c-809b-20d1b37db684:25696,1,5:96d33a16-3d9f-4d2c-809b-20d1b37db684:201521
has_recommended_action,4:96d33a16-3d9f-4d2c-809b-20d1b37db684:59776,4:96d33a16-3d9f-4d2c-809b-20d1b37db684:25512,1,5:96d33a16-3d9f-4d2c-809b-20d1b37db684:201524
has_recommended_action,4:96d33a16-3d9f-4d2c-809b-20d1b37db684:59777,4:96d33a16-3d9f-4d2c-809b-20d1b37db684:25498,1,5:96d33a16-3d9f-4d2c-809b-20d1b37db684:201526
has_recommended_action,4:96d33a16-3d9f-4d2c-809b-20d1b37db684:59778,4:96d33a16-3d9f-4d2c-809b-20d1b37db684:25696,1,5:96d33a16-3d9f-4d2c-809b-20d1b37db684:201528
has_recommended_action,4:96d33a16-3d9f-4d2c-809b-20d1b37db684:59778,4:96d33a16-3d9f-4d2c-809b-20d1b37db684:46986,1,5:96d33a16-3d9f-4d2c-809b-20d1b37db684:201529
has_recommended_action,4:96d33a16-3d9f-4d2c-809b-20d1b37db684:59780,4:96d33a16-3d9f-4d2c-809b-20d1b37db684:25696,1,5:96d33a16-3d9f-4d2c-809b-20d1b37db684:201532
has_recommended_action,4:96d33a16-3d9f-4d2c-809b-20d1b37db684:59783,4:96d33a16-3d9f-4d2c-809b-20d1b37db684:25696,1,5:96d33a16-3d9f-4d2c-809b-20d1b37db684:201535
has_recommended_action,4:96d33a16-3d9f-4d2c-809b-20d1b37db684:59789,4:96d33a16-3d9f-4d2c-809b-20d1b37db684:25498,1,5:96d33a16-3d9f-4d2c-809b-20d1b37db684:201539
has_recommended_action,4:96d33a16-3d9f-4d2c-809b-20d1b37db684:59792,4:96d33a16-3d9f-4d2c-809b-20d1b37db684:25498,1,5:96d33a16-3d9f-4d2c-809b-20d1b37db684:201540
has_recommended_action,4:96d33a16-3d9f-4d2c-809b-20d1b37db684:59793,4:96d33a16-3d9f-4d2c-809b-20d1b37db684:36850,1,5:96d33a16-3d9f-4d2c-809b-20d1b37db684:201543
has_recommended_action,4:96d33a16-3d9f-4d2c-809b-20d1b37db684:59795,4:96d33a16-3d9f-4d2c-809b-20d1b37db684:25498,1,5:96d33a16-3d9f-4d2c-809b-20d1b37db684:201544
has_recommended_action,4:96d33a16-3d9f-4d2c-809b-20d1b37db684:59795,4:96d33a16-3d9f-4d2c-809b-20d1b37db684:25512,1,5:96d33a16-3d9f-4d2c-809b-20d1b37db684:201545
has_recommended_action,4:96d33a16-3d9f-4d2c-809b-20d1b37db684:59798,4:96d33a16-3d9f-4d2c-809b-20d1b37db684:25696,1,5:96d33a16-3d9f-4d2c-809b-20d1b37db684:201547
has_recommended_action,4:96d33a16-3d9f-4d2c-809b-20d1b37db684:59802,4:96d33a16-3d9f-4d2c-809b-20d1b37db684:25696,1,5:96d33a16-3d9f-4d2c-809b-20d1b37db684:201551
has_recommended_action,4:96d33a16-3d9f-4d2c-809b-20d1b37db684:59805,4:96d33a16-3d9f-4d2c-809b-20d1b37db684:25498,1,5:96d33a16-3d9f-4d2c-809b-20d1b37db684:201552
has_recommended_action,4:96d33a16-3d9f-4d2c-809b-20d1b37db684:59810,4:96d33a16-3d9f-4d2c-809b-20d1b37db684:25498,1,5:96d33a16-3d9f-4d2c-809b-20d1b37db684:201556
has_recommended_action,4:96d33a16-3d9f-4d2c-809b-20d1b37db684:59811,4:96d33a16-3d9f-4d2c-809b-20d1b37db684:25512,1,5:96d33a16-3d9f-4d2c-809b-20d1b37db684:201557
has_recommended_action,4:96d33a16-3d9f-4d2c-809b-20d1b37db684:59813,4:96d33a16-3d9f-4d2c-809b-20d1b37db684:25498,1,5:96d33a16-3d9f-4d2c-809b-20d1b37db684:201558
has_recommended_action,4:96d33a16-3d9f-4d2c-809b-20d1b37db684:59815,4:96d33a16-3d9f-4d2c-809b-20d1b37db684:25498,1,5:96d33a16-3d9f-4d2c-809b-20d1b37db684:201561
has_recommended_action,4:96d33a16-3d9f-4d2c-809b-20d1b37db684:59815,4:96d33a16-3d9f-4d2c-809b-20d1b37db684:25696,1,5:96d33a16-3d9f-4d2c-809b-20d1b37db684:201564
has_recommended_action,4:96d33a16-3d9f-4d2c-809b-20d1b37db684:59815,4:96d33a16-3d9f-4d2c-809b-20d1b37db684:46986,1,5:96d33a16-3d9f-4d2c-809b-20d1b37db684:201565
has_recommended_action,4:96d33a16-3d9f-4d2c-809b-20d1b37db684:59816,4:96d33a16-3d9f-4d2c-809b-20d1b37db684:25498,1,5:96d33a16-3d9f-4d2c-809b-20d1b37db684:201566
has_recommended_action,4:96d33a16-3d9f-4d2c-809b-20d1b37db684:59821,4:96d33a16-3d9f-4d2c-809b-20d1b37db684:25512,1,5:96d33a16-3d9f-4d2c-809b-20d1b37db684:201570
has_recommended_action,4:96d33a16-3d9f-4d2c-809b-20d1b37db684:59822,4:96d33a16-3d9f-4d2c-809b-20d1b37db684:25498,1,5:96d33a16-3d9f-4d2c-809b-20d1b37db684:201571
has_recommended_action,4:96d33a16-3d9f-4d2c-809b-20d1b37db684:59824,4:96d33a16-3d9f-4d2c-809b-20d1b37db684:25696,1,5:96d33a16-3d9f-4d2c-809b-20d1b37db684:201573
has_recommended_action,4:96d33a16-3d9f-4d2c-809b-20d1b37db684:59825,4:96d33a16-3d9f-4d2c-809b-20d1b37db684:25498,1,5:96d33a16-3d9f-4d2c-809b-20d1b37db684:201574
has_recommended_action,4:96d33a16-3d9f-4d2c-809b-20d1b37db684:59826,4:96d33a16-3d9f-4d2c-809b-20d1b37db684:25512,1,5:96d33a16-3d9f-4d2c-809b-20d1b37db684:201576
has_recommended_action,4:96d33a16-3d9f-4d2c-809b-20d1b37db684:59826,4:96d33a16-3d9f-4d2c-809b-20d1b37db684:25696,1,5:96d33a16-3d9f-4d2c-809b-20d1b37db684:201578
has_recommended_action,4:96d33a16-3d9f-4d2c-809b-20d1b37db684:59830,4:96d33a16-3d9f-4d2c-809b-20d1b37db684:25696,1,5:96d33a16-3d9f-4d2c-809b-20d1b37db684:201582
has_recommended_action,4:96d33a16-3d9f-4d2c-809b-20d1b37db684:59837,4:96d33a16-3d9f-4d2c-809b-20d1b37db684:36850,1,5:96d33a16-3d9f-4d2c-809b-20d1b37db684:201587
has_recommended_action,4:96d33a16-3d9f-4d2c-809b-20d1b37db684:59837,4:96d33a16-3d9f-4d2c-809b-20d1b37db684:25696,1,5:96d33a16-3d9f-4d2c-809b-20d1b37db684:201589
has_recommended_action,4:96d33a16-3d9f-4d2c-809b-20d1b37db684:59837,4:96d33a16-3d9f-4d2c-809b-20d1b37db684:46986,1,5:96d33a16-3d9f-4d2c-809b-20d1b37db684:201590
has_recommended_action,4:96d33a16-3d9f-4d2c-809b-20d1b37db684:59854,4:96d33a16-3d9f-4d2c-809b-20d1b37db684:36850,1,5:96d33a16-3d9f-4d2c-809b-20d1b37db684:201594
derived_from,4:96d33a16-3d9f-4d2c-809b-20d1b37db684:59870,4:96d33a16-3d9f-4d2c-809b-20d1b37db684:6960,1,5:96d33a16-3d9f-4d2c-809b-20d1b37db684:203779
requires_exam,4:96d33a16-3d9f-4d2c-809b-20d1b37db684:43494,4:96d33a16-3d9f-4d2c-809b-20d1b37db684:56530,1,5:96d33a16-3d9f-4d2c-809b-20d1b37db684:210372
